5,1,1505596
16,2,165416
4,3,1855939
41,9,4276
6,10,1389949
39,11,15379
38,12,16599
9,15,661499
8,16,670566
2,19,2355879
11,20,407564
12,24,338206
13,28,317515
14,29,219147
15,35,179189
35,41,23965
27,50,56239
36,62,20589
33,65,32200
56,68,8
20,69,84172
1,75,5616569
30,82,36756
7,85,1046152
23,93,74057
51,105,90
50,107,115
19,111,101717
34,120,24079
54,126,16
46,132,694
40,137,8307
10,139,594869
48,150,368
53,153,72
32,160,32861
22,162,81094
3,167,2256058
24,171,70929
28,176,49293
49,181,189
42,182,1855
17,200,142210
43,203,1514
18,204,133395
45,208,782
47,211,547
31,219,34671
52,224,89
55,229,14
25,237,69362
29,248,37186
21,250,83174
44,253,1490
37,271,17678
26,277,59383
