855,16,13592
606,58,33271
1389,156,303
396,164,74461
651,214,28556
994,250,7191
1398,515,272
1254,612,1232
1291,644,935
1286,645,954
1215,760,1691
1151,786,2789
342,813,92085
989,930,7449
429,948,66993
1407,1031,248
424,1488,67719
822,1659,15694
720,1871,22525
1473,2197,109
984,2426,7587
1362,2434,461
443,2466,61388
1358,2546,478
1255,2770,1192
1562,2955,1
43,3257,508547
516,3638,46807
434,3904,64798
484,4675,51436
1246,5206,1287
526,5515,45193
1520,5802,38
1076,6445,4547
625,6593,30776
465,7185,55687
982,7365,7620
540,7672,42588
1103,8815,3935
986,9312,7497
922,10005,10560
1160,10174,2507
1335,10357,611
644,10764,29121
1207,10902,1777
1200,10965,1815
327,11565,98135
748,11758,20215
613,13583,32371
1146,14536,3008
1179,15291,2077
264,15527,122244
1150,15726,2816
1114,16275,3698
272,19450,119519
500,20146,49445
49,20451,464287
845,20634,14468
1440,22529,166
588,23046,35273
232,23632,140114
533,24249,43851
203,28243,165104
1450,31459,143
817,31891,15843
53,35585,450243
398,38188,73891
1502,41007,52
1381,49616,343
1082,49682,4471
1350,51952,525
1089,58485,4253
446,64340,60626
1530,70237,27
891,75864,12009
1143,77817,3070
611,80335,32731
387,80863,77270
566,83966,38718
548,87568,40866
1276,88807,1007
608,96667,33114
1383,97846,337
1324,100797,664
1056,102641,5360
1196,110010,1846
873,115321,13070
1388,118153,312
1421,119743,196
1551,129037,7
82,141108,330674
476,144527,53076
1500,153739,56
1233,156444,1450
1469,156480,113
1467,157446,114
1202,182449,1797
205,183045,162987
473,184307,53213
1057,190983,5297
550,191715,40763
940,193545,9764
619,200555,31568
530,201700,44068
524,202854,45549
1382,203514,338
909,216871,11192
351,217192,89111
411,219202,71742
36,219369,573217
1208,222512,1777
99,222751,295541
1342,225760,588
485,231570,51435
1503,234134,52
1060,238040,5246
193,240304,170924
505,247494,48709
1378,252330,356
1457,253061,130
66,254189,393126
554,254547,40215
1422,256280,195
725,258443,22149
704,262910,24127
380,265281,79194
1271,266664,1074
1110,266826,3797
459,267903,57007
25,278359,688581
819,285536,15736
395,286637,74892
188,287776,177096
180,292351,180873
1073,294623,4700
1417,295493,206
978,301195,7879
64,301920,397438
522,302869,45832
1522,304119,34
223,311234,146728
364,321281,83612
283,331657,117222
607,349480,33212
964,362199,8418
512,372729,47845
677,380208,26568
805,380925,16557
796,384682,17033
900,391222,11549
1541,402246,13
587,403419,35286
183,409970,179381
918,412476,10624
801,414455,16752
997,419858,7061
1480,429933,92
317,432074,100833
304,433392,107317
646,433818,28912
939,438714,9798
1526,442134,32
1194,460649,1853
761,474925,19271
875,480392,13055
962,486017,8521
169,486339,189836
1351,492721,516
936,531777,9953
684,537507,26000
416,542783,69592
1030,546791,6114
467,550454,55233
1455,554232,130
410,554260,71753
1031,555656,6030
1020,561343,6588
482,562305,51713
928,570723,10292
91,572281,308131
508,572504,48192
678,577826,26429
950,585014,9088
706,590756,23840
1379,608533,348
1476,635280,101
768,637516,18849
309,656147,104700
531,656164,43961
1507,663520,47
857,666419,13578
471,669607,54057
246,684733,132243
1311,685863,758
1011,689953,6747
1165,697480,2336
1410,709099,234
973,719468,8106
207,741002,162334
389,743605,76373
716,747111,22979
763,748151,19183
1170,769012,2239
727,769552,21844
1418,770420,199
1047,772163,5596
370,776487,82428
175,779531,184446
1448,781658,150
878,783798,12912
149,784340,217822
523,786529,45688
293,789512,110825
44,800543,499433
192,804111,171282
1437,812287,166
178,817959,182111
234,819429,137812
1000,820845,6995
1162,828995,2438
164,835134,193237
1444,843253,157
1556,845612,2
312,860318,103437
896,862424,11732
427,862456,67034
184,865857,178030
954,866900,8951
1285,869648,956
1536,875478,20
1074,878285,4683
576,883040,37219
33,888810,600761
67,891173,391112
846,902339,14440
344,907588,90319
453,908754,59344
1164,911726,2350
212,912249,160364
89,912352,311584
1262,912799,1144
242,913250,134349
225,925391,145682
1084,926570,4350
1509,933357,45
139,934653,229409
1433,944051,175
1116,945125,3692
630,945659,30236
662,946962,27826
1136,947682,3267
972,949693,8215
562,951401,39313
515,952827,46898
1518,953649,39
1478,965211,98
320,967045,99916
929,978034,10275
535,985782,43469
595,986252,34014
1193,987383,1856
735,987723,21303
652,991519,28407
116,992825,272325
1513,997469,42
134,999986,242510
726,1006563,21861
362,1007629,83796
752,1019205,19848
1408,1020508,247
668,1021247,27456
946,1024499,9141
927,1028035,10322
231,1036162,140398
1515,1037239,40
1007,1041417,6883
1181,1043263,2055
475,1043323,53130
1229,1043943,1524
1192,1051979,1859
1201,1066559,1810
1529,1073867,28
892,1075536,12006
325,1078293,98643
1320,1084230,682
786,1085503,17475
665,1091882,27702
1313,1096810,734
1296,1097072,908
640,1097438,29278
1142,1105744,3076
1171,1108466,2232
71,1124356,375684
1298,1126755,900
609,1130513,32780
463,1137765,56216
431,1137797,66215
292,1148395,111215
1059,1156608,5258
72,1156788,375488
311,1166358,103978
313,1169034,103241
230,1173630,142569
1224,1173977,1567
143,1174348,225713
836,1182358,14898
773,1184145,18238
783,1186212,17661
80,1187462,339660
461,1203157,56468
409,1216380,71756
1230,1224118,1522
315,1233516,101831
663,1233703,27814
257,1247466,125604
1098,1248571,4050
586,1259861,35292
1226,1262171,1547
1404,1262288,250
486,1267847,51411
38,1271321,549358
1519,1278668,39
1294,1294772,917
1531,1299883,26
466,1301199,55264
84,1317137,326042
1013,1319129,6711
79,1320170,343095
397,1321682,74240
605,1323047,33284
669,1325175,27404
639,1326344,29309
991,1327372,7248
938,1329046,9886
1252,1338801,1257
6,1342035,1734427
236,1344475,137473
270,1344786,119754
1039,1348773,5888
1365,1350126,447
1065,1363055,5041
1344,1363205,576
1054,1369420,5391
620,1370083,31409
307,1379818,106773
489,1382360,50966
1176,1385426,2120
101,1390210,291767
977,1393257,7973
281,1398254,117520
624,1403742,31010
794,1403781,17123
568,1405084,38374
104,1406307,287716
296,1416762,109992
1340,1419343,593
330,1419758,96171
1238,1420391,1381
871,1423677,13097
1191,1427030,1882
1100,1433177,4006
583,1434418,36079
862,1437428,13423
511,1440028,47858
1486,1451906,86
772,1453511,18253
797,1459338,16985
495,1466469,49927
1289,1469003,944
945,1469587,9263
250,1470110,129505
300,1471280,108411
518,1472448,46377
1334,1473731,614
366,1475038,83186
1015,1476089,6700
539,1479932,42857
1300,1483240,844
1066,1485545,5027
249,1485683,129710
1464,1498879,117
1508,1498913,46
1516,1501353,40
1309,1510598,760
1375,1513823,390
226,1515545,144403
1315,1516486,725
228,1519293,143500
707,1522246,23805
1544,1523225,12
76,1535952,352297
122,1543507,260733
385,1545062,77766
87,1546340,315921
1222,1548649,1575
513,1549959,47532
714,1550162,23161
538,1551180,43118
371,1552275,81910
478,1552780,52942
356,1553074,87996
501,1553266,49342
460,1555525,56795
102,1556649,289417
173,1563523,186399
354,1563960,88294
585,1564217,35648
880,1564945,12648
1205,1566017,1788
229,1566793,143479
676,1568957,26733
127,1571842,254178
1115,1573465,3697
240,1573548,136031
1206,1577013,1784
1184,1577430,2005
156,1577451,205977
269,1578846,120259
750,1579889,20045
26,1580481,687107
77,1586763,351549
86,1587053,321440
993,1589382,7194
263,1592344,122688
951,1592933,9042
815,1593827,15938
352,1594692,88848
194,1595726,170234
40,1598893,533952
1177,1600033,2099
597,1603303,33950
1435,1606397,170
88,1608799,311953
45,1609139,495856
556,1610816,39971
334,1611365,94241
1259,1611699,1163
166,1613388,191698
1329,1613919,641
1155,1614541,2702
118,1615111,268799
359,1617970,87501
980,1627158,7781
1542,1629938,13
688,1629978,25564
1091,1635695,4235
1533,1638135,24
1496,1638669,60
1247,1642395,1286
1322,1645211,668
849,1646529,14058
784,1646803,17614
1535,1646936,21
1274,1650928,1017
61,1651308,402250
504,1652831,48842
110,1657363,278292
755,1657441,19573
1281,1659003,984
1243,1663439,1315
634,1665557,29809
218,1666646,152305
657,1667957,28013
507,1667968,48461
766,1671571,18967
153,1672154,211148
949,1673222,9090
723,1674937,22254
1557,1677446,2
375,1678679,81256
14,1682674,1067305
1510,1682871,45
314,1683698,102667
286,1684263,115979
1080,1685021,4487
1317,1688375,715
555,1691091,40154
545,1691132,41309
109,1696634,280466
1220,1697624,1588
1552,1699710,5
697,1700496,24754
1134,1700613,3316
1130,1702006,3371
266,1702291,121898
1479,1702675,95
617,1703257,31885
432,1706235,65521
278,1707975,118895
97,1714244,296400
1248,1715942,1278
233,1715991,138219
376,1716245,80514
1558,1721648,2
174,1721928,184547
274,1723176,119325
1483,1724068,90
1499,1726840,57
1380,1731090,344
35,1731373,583337
1395,1733672,288
252,1734443,128727
177,1736828,182979
78,1740954,348251
1045,1743028,5696
23,1745999,829098
126,1747072,256104
17,1747712,1021226
1517,1748648,40
1453,1749963,132
470,1751869,54907
261,1752476,123278
1460,1756097,124
1166,1762371,2335
582,1762817,36137
1303,1766082,826
464,1766388,56174
333,1772681,94496
462,1773131,56383
1152,1777202,2763
276,1783178,119072
201,1783692,166154
159,1784555,198745
21,1786798,945133
216,1793379,154600
1396,1796126,286
29,1796437,665425
1295,1806199,912
206,1806454,162417
124,1810435,258098
241,1814340,135022
1022,1815147,6489
563,1819308,39129
1126,1820634,3433
163,1820940,196427
94,1820949,300867
854,1821118,13701
638,1824034,29314
103,1825930,287985
253,1826108,128213
1111,1826519,3757
379,1833730,79287
322,1836199,99693
1323,1836919,668
1037,1839095,5953
1218,1845090,1651
393,1847667,75457
558,1851914,39889
1397,1857509,276
537,1858260,43229
898,1860047,11713
256,1863997,125621
1144,1865755,3048
323,1875804,99621
1141,1878083,3080
419,1879611,68910
779,1885328,17734
413,1887375,70078
331,1889098,96151
547,1891510,40951
740,1894074,20984
294,1894143,110221
337,1894149,93192
912,1894432,10974
1446,1895629,154
1187,1897732,1949
8,1898371,1349227
1497,1903256,60
1489,1903967,76
20,1905015,982256
279,1907385,117902
757,1909540,19532
1213,1910557,1714
406,1911553,72330
62,1912482,401886
1491,1912664,68
682,1915106,26057
1441,1917716,164
1153,1919083,2748
671,1921681,27254
521,1921999,45846
1377,1922194,375
130,1922589,250706
916,1929924,10657
712,1933963,23306
528,1934829,44648
955,1935343,8932
262,1935738,122912
1105,1937293,3897
1266,1938146,1111
745,1939848,20471
680,1941136,26337
1051,1943414,5455
1006,1943417,6889
400,1945137,73560
1033,1945722,6007
509,1946447,48098
1139,1946933,3170
157,1947487,205180
373,1947566,81694
1258,1949840,1180
765,1951415,19030
191,1951772,172723
1026,1952754,6300
108,1955107,282461
50,1958874,462351
959,1960055,8799
41,1961278,529926
1316,1961435,715
553,1961693,40408
391,1963398,75787
1474,1964159,107
1463,1964855,120
107,1966979,282998
601,1967572,33577
976,1969944,8013
881,1970463,12548
1403,1971615,260
308,1978213,106024
383,1979816,78096
1423,1979860,194
1310,1980085,760
125,1980096,257866
302,1982781,108211
28,1983197,676086
401,1985704,73487
636,1986226,29738
1485,1989410,88
220,1989499,150628
890,1989749,12037
1240,1992450,1340
54,1993222,439634
417,1993578,69206
1424,1993782,194
956,1994337,8845
42,1994814,514547
570,1994940,37686
336,1997833,93410
572,1998385,37459
867,1998599,13275
626,1999464,30702
1511,2002070,44
144,2002238,223744
447,2002702,60599
1154,2003676,2727
525,2005788,45275
1336,2006269,608
961,2007265,8670
1343,2008932,584
245,2009293,132785
974,2009697,8087
1093,2011248,4206
1199,2013229,1818
131,2014236,248208
1032,2015907,6013
268,2017869,120618
648,2018016,28754
328,2018546,96819
151,2018579,214189
975,2018684,8068
57,2021767,419449
5,2023202,1756405
827,2025474,15366
1393,2025513,298
37,2025956,550571
1147,2026008,2922
186,2027527,177576
215,2028057,156990
785,2031095,17541
160,2032066,198487
934,2034229,10029
1567,2035591,1
1523,2036411,34
361,2038416,84160
1349,2038837,543
696,2041304,24861
382,2042685,78268
1330,2044485,640
1400,2044850,268
1332,2045489,632
664,2045759,27736
1369,2046950,410
1195,2047436,1847
713,2048251,23203
1241,2048893,1331
219,2049063,152282
1197,2050175,1822
148,2051496,218746
1359,2051644,468
1122,2054038,3515
155,2054225,207505
969,2054684,8273
800,2054744,16761
893,2055242,11920
820,2055623,15719
1371,2055885,407
1067,2055973,4892
919,2056203,10619
645,2056370,29106
926,2056849,10336
11,2057638,1207358
571,2057827,37504
987,2058154,7485
1178,2058491,2084
968,2058565,8286
551,2058795,40728
673,2059008,27068
743,2059063,20530
1319,2059472,684
474,2060287,53199
455,2060580,58885
196,2062192,168089
877,2062753,12932
852,2063206,13890
1425,2063906,188
440,2064524,62578
1292,2064710,933
15,2064866,1049119
1290,2065395,943
1321,2065966,669
1461,2066652,124
30,2067012,646432
1086,2069901,4302
338,2070095,92671
1249,2070129,1275
661,2070356,27852
660,2070871,27937
200,2071214,166788
1112,2071342,3744
1563,2072440,1
1002,2072629,6952
1025,2072660,6347
1428,2072840,185
346,2073585,89802
1010,2073946,6808
1275,2076052,1008
4,2076485,1858098
277,2077042,118985
185,2077500,177671
1447,2077773,152
650,2078175,28649
271,2078176,119678
378,2078276,79872
831,2078678,15080
963,2078984,8490
1452,2078998,138
1411,2079605,234
1044,2079911,5788
1524,2080189,33
120,2080309,265460
326,2080812,98228
1216,2080999,1680
1203,2081237,1796
943,2081316,9570
1356,2081698,494
24,2082469,716096
407,2083091,72145
221,2083788,149333
670,2083885,27375
19,2084332,995711
641,2084340,29258
721,2084797,22331
106,2085697,287414
615,2085977,32157
1137,2086862,3249
381,2087044,78563
1129,2087047,3383
145,2087974,223320
549,2088089,40794
874,2088292,13062
468,2088438,54971
1062,2088545,5129
289,2088603,113642
730,2088720,21632
350,2088835,89456
1376,2089545,384
227,2090629,143823
32,2090745,634593
68,2090921,387985
238,2091224,136303
1430,2091259,182
1104,2091752,3910
702,2092609,24391
780,2092837,17731
1053,2092900,5429
428,2093156,67008
560,2093353,39566
631,2093396,29852
856,2093981,13582
60,2094332,402404
738,2094480,21121
1414,2094649,212
1327,2095032,645
123,2095097,260662
642,2095168,29197
1402,2096015,266
693,2096081,25097
1363,2096365,452
1018,2096765,6633
594,2096974,34288
894,2097174,11869
910,2098395,11170
884,2098905,12353
405,2098997,72445
119,2100268,265475
559,2100524,39637
804,2100821,16596
374,2101178,81521
348,2101531,89605
190,2101846,174776
1405,2102025,250
1133,2102165,3342
176,2102310,183012
834,2102822,15006
444,2103338,61314
578,2103534,36808
1504,2104192,52
288,2104259,113795
457,2105233,58341
1127,2106040,3432
1549,2106685,10
788,2106801,17399
244,2109083,132868
1071,2109384,4759
297,2109652,109318
747,2110005,20249
899,2110338,11703
866,2110351,13280
1366,2110420,430
863,2110451,13403
599,2110662,33733
1331,2112320,633
1004,2112353,6926
39,2112530,536401
243,2112721,133834
56,2112797,432189
195,2112801,169144
439,2113353,63405
932,2113377,10069
100,2113497,294003
616,2113522,31985
689,2113702,25313
48,2113964,465539
204,2113999,163993
152,2114370,211591
1149,2114502,2839
1406,2114556,250
952,2114867,9002
807,2115128,16487
851,2115188,14050
1223,2116252,1575
247,2116596,130852
303,2116934,107659
995,2117494,7168
913,2117522,10963
957,2117545,8814
418,2117706,68944
809,2117739,16394
1168,2118135,2320
1182,2118197,2052
1040,2118228,5847
1090,2118605,4242
147,2118644,219284
161,2119519,197937
902,2119588,11463
135,2119635,239728
487,2119727,51240
1267,2120413,1110
1279,2120634,991
1250,2120650,1275
128,2120953,251893
970,2120954,8233
343,2121004,90529
172,2121007,186426
10,2121243,1235510
162,2121326,197774
93,2121468,301922
115,2121745,273180
782,2121965,17674
167,2122184,191375
687,2122269,25579
1055,2122320,5378
1495,2122501,61
137,2122743,236114
13,2122744,1141325
146,2122757,219870
90,2122773,309943
1347,2122907,571
179,2123065,181735
931,2123325,10092
1459,2123543,126
140,2123609,229331
1374,2123952,394
915,2124157,10916
301,2124191,108407
136,2124483,237284
790,2124699,17393
239,2124706,136112
51,2124889,461983
1568,2124895,0
69,2124912,380384
214,2124934,159399
658,2124935,27996
1087,2124962,4274
580,2125070,36685
589,2125437,35245
319,2125883,100271
1212,2125887,1719
1169,2125992,2258
1426,2126351,188
920,2126355,10603
1157,2126394,2652
1545,2126414,12
3,2126523,1989532
758,2126872,19453
864,2126885,13360
386,2126990,77363
1261,2127268,1150
1527,2127421,30
415,2127652,69716
111,2127679,277978
1140,2127897,3163
2,2127978,2495737
1260,2128117,1161
1492,2128231,68
541,2128254,42473
1120,2128459,3582
1432,2128583,176
340,2128799,92410
870,2128808,13144
129,2129194,251838
1466,2129226,115
469,2129228,54929
1024,2129523,6381
16,2129677,1032200
803,2129732,16660
948,2129889,9134
679,2129923,26425
341,2129948,92377
117,2130145,268921
1354,2130339,494
655,2130473,28112
1119,2130615,3584
1454,2130631,131
734,2130685,21384
717,2131097,22936
600,2131314,33583
917,2131331,10650
494,2131441,50301
132,2131544,246490
189,2131628,175445
1138,2131930,3231
1163,2131978,2407
612,2132109,32645
764,2132110,19084
787,2132160,17433
667,2132181,27554
1470,2132363,112
1244,2132406,1307
22,2132828,877793
826,2132867,15447
367,2132944,82830
59,2133019,416464
1514,2133178,42
861,2133183,13439
150,2133408,215856
632,2133413,29846
1135,2133516,3274
73,2133518,369647
1451,2133595,143
546,2133685,40967
1301,2134248,843
789,2134283,17396
1008,2134336,6883
925,2134425,10339
921,2134428,10593
1431,2134461,180
47,2134563,481490
154,2134775,207860
941,2134821,9761
903,2134962,11443
812,2134983,16041
1048,2135100,5570
1099,2135634,4012
614,2135744,32340
825,2135995,15553
7,2136006,1443060
458,2136021,57969
1009,2136090,6880
399,2136214,73855
733,2136220,21408
105,2136273,287677
412,2136315,70976
506,2136658,48597
965,2136696,8393
83,2136699,326580
519,2136708,45976
813,2137048,15961
1083,2137106,4357
769,2137113,18701
699,2137132,24590
628,2137133,30493
248,2137186,129868
27,2137188,685215
299,2137298,109098
1108,2137395,3820
237,2137541,136574
1456,2137564,130
966,2138001,8366
700,2138229,24530
1348,2138323,567
187,2138682,177559
1288,2139121,948
1386,2139653,320
1123,2139654,3507
1387,2139716,315
496,2139741,49920
1284,2139785,968
171,2140134,187967
1559,2140233,2
1156,2140286,2654
1357,2140305,480
1345,2140333,573
1035,2140446,5960
217,2140502,152433
1564,2140537,1
1413,2140559,216
414,2140679,70037
316,2140980,101444
1308,2141000,788
1493,2141083,65
1304,2141165,825
1490,2141487,73
1028,2141578,6261
771,2141813,18276
1528,2141920,30
814,2142015,15943
31,2142222,646310
1088,2142246,4262
754,2142481,19718
868,2142482,13196
728,2142486,21668
254,2142538,126145
454,2142802,59017
1,2142901,3245167
760,2142923,19318
285,2143028,116671
1314,2143264,728
1017,2143382,6652
992,2143421,7243
1234,2143609,1450
65,2143715,397226
762,2144035,19262
339,2144281,92442
1392,2144316,299
575,2144326,37386
1270,2144772,1086
1253,2145005,1248
1107,2145225,3838
552,2145359,40414
947,2145367,9138
390,2145441,75977
1173,2145492,2207
347,2145573,89634
85,2145649,321591
208,2168803,162294
1214,2170741,1695
1391,2170896,300
1534,2170995,21
1338,2171013,598
708,2171434,23772
332,2171938,95256
420,2171983,68687
368,2172056,82794
751,2172065,19886
1550,2172107,8
1399,2172216,271
715,2172610,22995
1096,2172741,4096
305,2172761,107239
182,2172838,179397
958,2172891,8805
1269,2173040,1096
1041,2173075,5813
1445,2173233,156
1302,2173262,842
1227,2173300,1532
529,2173364,44196
737,2173649,21145
1232,2173719,1463
1078,2173766,4525
1475,2173782,106
1251,2173921,1271
1548,2173977,10
544,2174060,41581
34,2174102,593704
1543,2174108,13
569,2174163,38281
479,2174198,52767
1190,2174544,1888
95,2174772,298867
345,2174871,89958
701,2174904,24522
388,2174905,76833
1538,2175032,17
290,2175100,111408
265,2175174,122099
1239,2175357,1353
998,2175505,7058
1394,2175542,298
477,2175660,52948
1034,2175784,5967
224,2175860,146562
1049,2175878,5565
1525,2175970,33
923,2176068,10516
255,2176348,126013
353,2176355,88672
426,2176434,67043
979,2176484,7848
1158,2176589,2648
98,2176591,296063
653,2176594,28309
577,2176663,37213
92,2176673,306628
377,2176707,79910
889,2176735,12043
1442,2176774,160
603,2176830,33491
649,2176880,28723
502,2176921,49189
1128,2176933,3391
480,2176949,52356
806,2176950,16498
1077,2176951,4526
404,2176985,72600
222,2176997,148338
1180,2177058,2069
602,2177105,33564
198,2177122,167336
121,2177144,265445
1070,2177166,4817
681,2177264,26231
840,2177327,14652
709,2177328,23627
686,2177329,25596
865,2177331,13286
776,2177332,17845
953,2177342,8990
692,2177379,25201
960,2177523,8754
369,2177554,82700
811,2177595,16138
732,2177606,21511
81,2177696,331814
741,2177697,20924
853,2177698,13714
574,2177699,37414
633,2177721,29831
781,2177722,17702
711,2177723,23385
879,2177724,12856
1278,2177731,1000
490,2177754,50928
452,2177759,59445
756,2177766,19564
835,2177768,14943
808,2177769,16412
1094,2177770,4166
1068,2177802,4874
1328,2177807,643
423,2177858,68205
971,2177881,8223
816,2177914,15867
924,2178074,10503
666,2178075,27560
895,2178076,11788
885,2178077,12350
792,2178078,17229
584,2178079,35807
731,2178080,21563
742,2178081,20754
901,2178082,11549
656,2178083,28067
1532,2178122,26
1072,2178123,4726
933,2178131,10057
610,2178140,32736
622,2178141,31042
448,2178156,60491
1498,2178199,60
1273,2178200,1026
1217,2178202,1669
1420,2178203,197
1305,2178204,821
1079,2178205,4500
1092,2178206,4216
802,2178451,16733
280,2178467,117843
833,2178475,15040
1488,2178560,84
1036,2178569,5956
542,2178602,42319
565,2178638,38787
488,2178802,51032
295,2178808,110121
12,2178811,1149218
1339,2178833,598
141,2178927,226342
181,2178951,179761
202,2178966,165602
199,2178972,167335
258,2178973,125506
138,2178984,234066
133,2178986,245824
114,2179006,273495
492,2179007,50608
358,2179017,87639
142,2179018,225998
430,2179026,66218
365,2179027,83430
498,2179029,49636
1434,2179030,174
694,2179037,25075
1560,2179061,2
1012,2179095,6741
251,2179107,129127
213,2179108,160064
1058,2179170,5262
1468,2179188,114
744,2179191,20511
1211,2179243,1734
321,2179275,99695
52,2179320,453807
999,2179322,7051
832,2179326,15056
1553,2179358,4
9,2179394,1238084
981,2179399,7724
753,2179411,19846
798,2179412,16927
872,2179413,13073
629,2179414,30450
618,2179460,31622
318,2179488,100626
859,2179493,13565
113,2179516,273989
543,2179524,42217
259,2179552,124327
1367,2179612,416
1293,2179627,931
355,2179727,88278
844,2179728,14501
719,2179790,22546
683,2179791,26004
710,2179792,23471
869,2179793,13153
883,2179794,12518
746,2179795,20332
675,2179796,26767
1412,2179797,219
437,2179847,64171
1209,2179975,1745
75,2179988,355292
491,2179989,50669
623,2180087,31030
718,2180088,22901
777,2180089,17772
438,2180090,63692
778,2180091,17751
906,2180092,11346
850,2180093,14054
847,2180094,14373
767,2180095,18934
674,2180096,26828
1161,2180125,2452
1124,2180143,3481
1326,2180148,650
1481,2180152,92
1458,2180194,130
1539,2180201,16
324,2180297,99453
749,2180461,20132
944,2180532,9558
842,2180533,14638
830,2180534,15186
897,2180535,11720
724,2180536,22178
818,2180538,15793
799,2180539,16912
838,2180547,14690
882,2180548,12544
911,2180620,11119
298,2180626,109263
1364,2180638,449
557,2180651,39897
627,2180662,30564
996,2180825,7154
1183,2180923,2046
408,2180955,71805
775,2180995,17882
402,2181025,73355
1368,2181026,413
739,2181032,21073
260,2181075,123512
197,2181101,168012
635,2181104,29751
637,2181141,29318
1159,2181209,2553
96,2181217,296884
527,2181219,44938
210,2181298,161404
1540,2181338,16
1042,2181428,5802
517,2181431,46634
698,2181476,24661
483,2181488,51497
770,2181523,18694
63,2181542,401000
1113,2181647,3713
425,2181669,67579
291,2181676,111326
481,2181688,51777
1102,2181694,3959
209,2181708,161955
736,2181744,21187
793,2181768,17180
384,2181774,78066
273,2181789,119401
795,2181807,17074
654,2181809,28198
888,2181811,12182
695,2181818,24989
1014,2181819,6709
436,2181824,64174
357,2181835,87815
74,2181837,356802
1280,2181847,986
1225,2181860,1548
1145,2181865,3041
165,2181891,192585
990,2181941,7438
335,2181972,93798
422,2181974,68580
887,2182015,12215
1429,2182027,185
647,2182034,28789
690,2182060,25244
886,2182061,12343
1023,2182062,6389
848,2182063,14175
592,2182064,34788
1228,2182065,1526
904,2182083,11438
287,2182121,115009
1148,2182124,2842
828,2182125,15350
55,2182145,432580
1312,2182155,737
493,2182169,50555
275,2182227,119094
810,2182228,16188
1081,2182237,4481
774,2182242,18227
450,2182246,60075
510,2182257,48066
722,2182260,22273
360,2182261,86134
112,2182267,274579
441,2182271,62496
211,2182274,160997
942,2182276,9614
1043,2182287,5796
1265,2182307,1112
1235,2182309,1443
451,2182326,60047
937,2182344,9942
841,2182356,14642
329,2182357,96337
284,2182386,116920
403,2182398,73140
392,2182610,75661
791,2182830,17272
914,2182840,10942
1210,2182955,1743
1172,2182957,2220
394,2183126,75227
988,2183181,7483
593,2183201,34742
442,2183227,62077
703,2183238,24302
843,2183239,14502
1027,2183251,6277
591,2183254,35115
1415,2183273,210
534,2183281,43481
685,2183314,25824
1019,2183397,6606
1256,2183407,1190
821,2183422,15713
860,2183428,13493
456,2183448,58453
1221,2183470,1584
935,2183480,10003
267,2183481,121220
705,2183482,23849
70,2183483,376354
672,2183486,27171
372,2183490,81868
58,2183491,419299
363,2183545,83767
598,2183546,33875
1121,2183599,3563
1198,2183601,1821
536,2183605,43263
1307,2183607,800
561,2183613,39389
306,2183616,106818
876,2183634,12955
564,2183635,38800
908,2183639,11193
310,2183642,104121
1185,2183797,2001
1325,2183801,659
18,2183804,1007194
1125,2183840,3457
1264,2183845,1119
573,2183955,37453
823,2183957,15573
1117,2183959,3634
433,2183970,64801
514,2183998,47006
520,2184011,45890
1188,2184021,1939
1005,2184028,6900
1219,2184052,1602
1038,2184056,5895
729,2184114,21642
472,2184117,53586
1046,2184134,5652
659,2184141,27989
1095,2184150,4140
499,2184155,49535
581,2184160,36576
449,2184165,60484
1346,2184168,572
1547,2184172,11
596,2184174,33995
1385,2184189,325
1409,2184193,247
435,2184201,64587
170,2184203,189503
168,2184204,189921
1341,2184205,591
349,2184207,89603
532,2184210,43895
1167,2184213,2335
759,2184215,19430
858,2184221,13575
503,2184223,48887
1001,2184234,6972
621,2184237,31238
590,2184243,35149
1546,2184245,12
824,2184247,15567
829,2184250,15239
421,2184251,68667
643,2184255,29136
497,2184275,49694
1189,2184280,1894
1064,2184285,5070
1231,2184286,1469
445,2184287,61305
282,2184289,117467
1052,2184295,5452
1277,2184316,1003
983,2184321,7619
567,2184323,38644
46,2184324,487451
985,2184332,7525
1237,2184337,1423
1287,2184341,950
1175,2184342,2165
235,2184343,137754
1106,2184350,3844
1003,2184359,6937
1512,2184368,43
1132,2184373,3354
1021,2184375,6580
579,2184378,36710
930,2184386,10100
837,2184389,14866
1101,2184395,3971
1272,2184396,1028
1029,2184399,6135
1075,2184401,4589
1297,2184411,904
1063,2184419,5129
1236,2184423,1428
1174,2184427,2191
1306,2184431,817
1283,2184434,980
1085,2184435,4340
1390,2184436,301
967,2184444,8328
1384,2184447,326
1131,2184448,3365
1186,2184450,1954
1118,2184452,3607
1438,2184458,166
1419,2184474,198
158,2184479,203288
1097,2184485,4085
1204,2184496,1790
1016,2184498,6697
1318,2184503,696
1373,2184505,403
1299,2184508,890
1487,2184516,84
1069,2184517,4833
1537,2184522,20
1370,2184523,409
1109,2184526,3799
1443,2184528,158
1484,2184532,90
604,2184535,33456
1263,2184541,1124
1337,2184551,608
839,2184552,14654
1061,2184553,5155
1449,2184557,144
1501,2184558,56
1401,2184559,268
1050,2184568,5550
1505,2184572,52
1569,2184576,0
1245,2184579,1295
691,2184583,25213
1355,2184797,494
1352,2184799,507
905,2184801,11419
1570,2184804,0
1472,2184806,110
907,2184847,11257
1494,2184850,65
1242,2184852,1323
1462,2184855,122
1477,2184863,100
1465,2184864,116
1257,2184865,1182
1439,2184867,166
1471,2184872,111
1427,2184874,186
1565,2184879,1
1482,2184885,91
1566,2184895,1
1416,2184896,208
1506,2184898,52
1333,2184908,622
1571,2184912,0
1554,2184920,4
1436,2184926,168
1561,2184937,2
1555,2184959,4
1361,2184995,466
1521,2185000,35
1282,2185005,982
1360,2185008,468
1268,2185012,1103
1372,2185115,404
1353,2185169,507
