5,1,3241317
11,2,1349446
4,3,3388469
50,8,62728
34,9,171217
7,10,2002170
28,11,282166
57,12,50847
6,15,2426039
8,16,1869121
2,19,5344718
15,20,1048646
76,22,8418
9,24,1821353
85,26,4382
19,28,617559
12,29,1195244
14,35,1091601
30,41,250725
94,44,1014
60,45,33180
37,50,123896
89,59,2215
31,62,235748
54,65,54278
46,68,78253
16,69,976255
77,70,8136
87,73,3744
1,75,9536627
62,76,27826
44,77,89495
45,78,87503
33,79,173054
58,81,42336
26,82,296807
84,84,4874
10,85,1604596
100,90,452
35,93,161996
66,94,19821
108,96,68
29,105,273845
88,106,2407
71,107,13188
21,111,537628
78,113,7912
106,116,174
17,120,752422
98,126,567
65,132,19954
101,133,338
41,136,104790
40,137,110868
13,139,1093161
52,147,60075
55,150,53613
70,153,14618
47,154,74702
86,157,4022
25,160,304959
20,162,613231
3,167,4633327
18,171,724461
104,175,240
38,176,118081
49,177,63314
36,179,135986
43,181,95436
79,182,7458
92,193,1440
68,194,18524
74,197,9798
27,200,288282
72,203,11557
23,204,480613
67,205,19176
75,208,9472
97,210,676
48,211,69399
64,212,20564
83,217,5139
51,219,61129
107,220,144
53,224,55292
103,229,268
96,230,701
82,231,5794
24,237,434120
59,239,36941
56,241,51637
63,242,24560
80,244,7139
102,245,299
32,248,177417
22,250,505497
93,251,1377
69,253,16542
95,254,780
39,257,114667
81,260,6661
105,264,186
90,267,1822
109,269,45
61,271,30410
91,272,1668
99,275,466
73,276,11495
42,277,103032
