4,1,11142946
15,2,1765554
5,3,9035515
54,8,66596
38,9,200362
6,10,7964963
31,11,303518
51,12,89388
8,15,3450254
11,16,2673059
3,19,12270645
7,20,6425549
81,22,8418
10,24,2755800
73,26,15884
13,28,2131234
16,29,1609700
18,35,1392456
32,41,300896
96,44,1014
26,50,417005
91,59,2215
33,62,293957
52,65,87542
27,68,371922
14,69,2031869
56,70,61952
87,73,3744
1,75,22182208
66,76,27826
50,77,94549
49,78,99693
39,79,178606
60,81,48233
29,82,349646
86,84,4874
12,85,2650748
101,90,452
35,93,257412
63,94,40833
107,96,68
34,105,275090
90,106,2407
75,107,13303
21,111,778625
82,113,8087
106,116,174
17,120,1495685
100,126,583
69,132,20841
102,133,338
48,136,104840
42,137,144891
9,139,3037756
57,147,60075
46,150,109957
65,153,28766
36,154,228396
30,160,342758
19,162,1143601
2,167,13676385
20,171,935972
104,175,240
28,176,356684
55,177,64193
43,179,141143
45,181,110952
80,182,9313
93,193,1440
64,194,36769
77,197,10530
25,200,544983
41,203,145072
22,204,761072
71,205,19176
78,208,10254
98,210,676
53,211,70603
70,212,20564
85,217,5139
47,219,109771
99,220,669
59,224,55430
103,229,282
95,230,1275
79,231,9654
23,237,608234
62,239,42836
58,241,59712
67,242,24625
83,244,7139
74,245,13493
37,248,214603
24,250,592133
94,251,1381
72,253,18042
97,254,780
44,257,116639
109,259,14
84,260,7020
105,264,186
92,267,1822
108,269,45
61,271,48088
89,272,2648
88,275,2729
76,276,11495
40,277,169169
68,278,23495
