427,16,11367
240,164,47084
691,214,472
228,813,51158
471,948,6941
241,1488,47019
216,2466,57071
473,3257,6737
534,3638,3300
220,3904,54840
420,5515,11889
634,6445,1064
558,6593,2629
827,7185,35
552,7672,2721
387,10764,15207
709,10902,362
785,10965,94
156,11565,95675
497,11758,4888
396,13583,13814
758,15527,147
538,16275,3122
207,19450,62021
272,20146,40084
18,20451,399929
319,23046,26303
119,23632,126930
483,24249,5725
94,28243,156348
724,31891,295
256,35585,44935
851,49682,18
603,64340,1411
754,75864,154
345,80335,22367
182,80863,76488
461,83966,7696
486,91387,5632
507,102641,4383
40,141108,265807
619,144527,1176
747,156444,170
419,183045,11905
714,183902,342
367,184307,18110
572,191715,2089
440,193545,9690
493,201700,5009
310,202854,29374
505,216871,4505
195,217192,68000
288,219202,34545
22,219369,358410
87,222751,158954
353,231570,19712
755,238040,150
111,240304,134823
366,247494,18122
36,254189,294188
356,254547,19115
475,258443,6442
524,266826,3624
741,267903,188
15,278359,420429
675,285536,547
188,286637,73278
157,287776,95615
422,292351,11667
34,301920,295972
377,302869,16467
830,304119,32
135,311234,111549
531,321281,3411
368,349480,17878
244,372729,46934
351,380208,20303
800,380925,85
553,384682,2709
306,403419,30669
458,412476,8048
801,419858,84
491,432074,5011
601,433392,1429
542,433818,3048
357,474925,19089
318,486339,26353
341,537507,22504
390,542783,14876
294,550454,33454
765,554232,130
882,554260,1
532,562305,3385
198,572281,66188
685,572504,486
584,577826,1787
462,585014,7573
416,590756,12134
219,656147,55146
375,656164,16667
631,666419,1090
630,669607,1095
144,684733,106775
658,685863,758
872,689953,5
733,719468,225
130,741002,115684
489,743605,5150
696,747111,458
650,769552,831
817,772163,50
180,776487,78316
399,779531,13751
109,784340,135234
424,786529,11561
217,789512,56671
143,795080,106824
48,800543,236059
83,804111,168370
221,817959,54675
730,819429,228
468,820845,6995
73,835134,179976
184,860318,75057
613,862424,1236
206,862456,62693
133,865857,112041
537,866900,3178
644,869648,956
17,888810,406771
38,891173,280317
227,907588,52197
488,908754,5280
667,911726,630
167,912249,87861
80,912352,170241
146,925391,104705
637,926570,1018
101,934653,147231
640,945125,1001
347,945659,21493
875,965211,4
818,967045,50
292,986252,33619
838,987383,25
546,991519,2964
45,992825,249010
703,1006563,407
190,1007629,72679
725,1024499,286
571,1028035,2106
373,1036162,17056
820,1037239,40
821,1041417,40
813,1075536,56
836,1078293,28
786,1084230,94
406,1091882,13118
704,1096810,400
450,1097438,8829
686,1108466,484
74,1124356,176601
732,1126755,226
515,1130513,4036
398,1137797,13776
344,1148395,22410
57,1156788,215719
302,1166358,32247
173,1169034,83955
132,1173630,112342
608,1173977,1359
125,1174348,118588
411,1182358,12261
787,1184145,94
423,1186212,11588
705,1187462,385
535,1203157,3252
847,1216380,20
163,1233516,91443
145,1247466,105851
582,1248571,1825
407,1259861,12612
822,1262288,40
839,1267847,25
11,1271321,475531
337,1301199,23036
311,1317137,28102
68,1320170,188925
326,1323047,25529
433,1326344,10124
2,1342035,795639
108,1344475,135440
254,1344786,45215
557,1348773,2636
676,1363205,536
718,1369805,325
317,1370083,26807
797,1379818,89
41,1390210,258580
290,1398254,34289
405,1403742,13167
372,1403781,17073
352,1405084,19999
44,1406307,250783
320,1419758,26256
876,1420391,4
647,1423677,920
583,1427030,1825
728,1433177,248
408,1459338,12562
843,1469003,22
548,1469587,2906
487,1470110,5532
504,1471280,4520
343,1472448,22468
775,1476089,113
621,1479932,1160
842,1485545,23
150,1485683,100712
819,1498879,48
764,1510598,134
118,1515545,128282
389,1519293,15110
766,1522246,130
861,1523225,12
56,1535952,217982
63,1543507,197104
252,1545062,45612
88,1546340,158290
278,1549959,37477
567,1550162,2280
568,1551180,2211
803,1553074,83
429,1553266,11181
815,1555525,53
91,1556649,156952
160,1563523,93626
759,1564217,147
563,1564945,2450
456,1566793,8199
53,1571842,226170
110,1573548,134929
579,1577430,1913
159,1577451,93701
581,1578846,1863
364,1579889,18245
21,1580481,361041
112,1586763,134134
72,1587053,180181
212,1594692,57742
129,1595726,116899
54,1598893,222877
578,1600033,1936
448,1603303,8874
748,1606397,170
105,1608799,138516
170,1609139,85448
296,1610816,33119
285,1611365,34706
86,1613388,161143
555,1614541,2701
155,1615111,95835
187,1617970,73383
469,1627158,6978
354,1629978,19576
756,1642395,150
638,1650928,1017
102,1651308,142824
682,1652831,511
47,1657363,239092
636,1663439,1026
745,1665557,175
104,1666646,140665
358,1667957,18953
616,1667968,1211
528,1671571,3492
508,1673222,4356
210,1678679,59761
20,1682674,370307
231,1683698,48690
197,1684263,67519
742,1691132,187
117,1696634,128783
840,1700613,24
654,1702006,801
128,1702291,116942
370,1703257,17285
363,1706235,18528
267,1707975,40794
115,1714244,132877
136,1715991,111446
284,1716245,34756
881,1721928,2
257,1723176,44442
12,1731373,455041
286,1734443,34652
124,1736828,119151
873,1740644,5
580,1740954,1877
14,1745999,445663
76,1747072,173938
97,1747712,155314
384,1751869,15349
169,1752476,85653
808,1756097,72
823,1762371,40
757,1762817,150
833,1766082,30
312,1766388,27726
177,1772681,80726
864,1777202,10
138,1783178,109233
140,1783692,108602
66,1784555,190350
31,1786798,314243
98,1793379,151253
52,1796437,226647
147,1806454,102664
58,1810435,210603
668,1814340,630
573,1819308,2047
739,1820634,194
114,1820940,133170
186,1820949,74330
560,1821118,2603
335,1824034,23420
55,1825930,221452
713,1826108,345
194,1833730,69166
415,1836199,12140
853,1845090,15
565,1851914,2392
484,1858260,5712
645,1860047,939
141,1863997,107900
447,1875804,9205
807,1879611,73
522,1885328,3653
243,1887375,46986
174,1889098,83823
734,1891510,219
397,1894074,13800
196,1894143,67910
716,1894149,334
545,1894432,2975
10,1898371,491589
9,1905015,558129
179,1907385,78730
271,1911553,40345
43,1912482,252393
360,1915106,18732
783,1917716,99
279,1921999,36779
735,1922194,217
432,1922589,10208
520,1934829,3712
176,1935738,81140
692,1941136,467
246,1945137,46686
340,1946447,22614
689,1946933,480
71,1947487,180401
715,1951415,336
178,1951772,79648
699,1955107,446
23,1958874,354014
39,1961278,274584
680,1961435,520
871,1961693,7
287,1963398,34618
334,1966979,23542
877,1967572,4
480,1969944,5973
209,1979816,60989
750,1979860,168
139,1980096,109073
151,1982781,98850
499,1983197,4814
850,1985704,19
359,1986226,18802
106,1989499,137739
657,1989749,766
642,1992450,976
24,1993222,352023
428,1993578,11268
19,1994814,383620
313,1994940,27501
223,1997833,53006
721,1998385,305
316,1999464,27020
121,2002238,124480
596,2003676,1570
348,2005788,21262
693,2007265,464
215,2009293,57142
746,2009697,175
65,2014236,192528
168,2017869,86437
683,2018016,492
772,2018546,124
512,2018579,4155
37,2021767,293329
5,2023202,683194
25,2025956,341163
96,2027527,155568
142,2028057,107706
414,2031095,12163
200,2032066,65562
442,2034229,9595
264,2038416,41517
222,2042685,53697
679,2044485,522
743,2045489,180
314,2045759,27395
123,2049063,122276
171,2051496,85216
166,2054225,88271
623,2054684,1152
656,2054744,770
626,2055445,1137
811,2055623,63
576,2056203,1959
29,2057638,319070
812,2057827,58
470,2058154,6965
677,2058565,532
466,2058795,7242
643,2059008,958
400,2059063,13552
792,2059472,93
350,2060287,20437
412,2060580,12204
153,2062192,96107
527,2062753,3578
519,2063206,3779
93,2064866,156466
418,2067012,12123
259,2070095,43772
828,2070129,35
339,2070871,22701
164,2071214,89986
291,2073585,33620
726,2073946,269
852,2076052,18
30,2076485,318805
413,2077042,12173
276,2077500,37778
472,2078175,6784
268,2078276,40673
762,2078998,138
666,2079911,649
149,2080309,102087
597,2080812,1566
663,2080999,661
632,2081237,1083
46,2082469,241591
237,2083091,47419
211,2083788,58945
324,2083885,25623
3,2084332,691461
652,2084340,819
283,2085554,34843
116,2085697,130330
574,2085977,2035
436,2086782,9997
549,2086862,2896
379,2087044,16314
62,2087974,199214
514,2088089,4067
841,2088292,24
435,2088438,10057
492,2088545,5011
260,2088603,43740
530,2088720,3455
203,2090629,64290
7,2090745,598387
810,2090921,65
131,2091224,112566
391,2092609,14330
767,2092837,130
585,2092900,1777
690,2093981,477
26,2094332,336757
737,2094649,212
773,2095032,120
162,2095097,91630
599,2095168,1549
649,2096765,872
825,2096974,38
674,2098302,551
510,2098395,4184
672,2098548,554
566,2098905,2353
282,2098997,35157
550,2100268,2826
661,2100821,668
770,2101178,126
191,2101531,71257
183,2101846,75418
533,2102165,3342
277,2102310,37698
878,2102822,4
459,2103338,8028
465,2103534,7317
620,2106040,1176
329,2109083,24730
569,2109384,2176
752,2110451,166
543,2110662,3036
804,2112353,79
158,2112530,95053
274,2112721,39666
443,2112797,9483
181,2112801,77816
774,2113353,115
122,2113497,124140
736,2113522,215
69,2113964,186526
784,2113999,97
204,2114370,63480
664,2114502,656
629,2115128,1099
687,2115188,484
651,2116596,830
834,2116934,30
659,2117522,732
799,2117545,86
253,2117706,45325
845,2118228,21
225,2118644,52486
92,2119519,156533
438,2119588,9751
95,2119635,155798
627,2119727,1121
633,2120953,1078
467,2120954,7089
496,2121004,4924
90,2121007,157341
28,2121243,325667
229,2121326,51068
333,2121468,23935
824,2121965,40
82,2122184,168839
780,2122269,104
79,2122743,171540
84,2122744,166204
236,2122757,47480
386,2122773,15260
154,2123065,96082
848,2123325,20
771,2123543,126
85,2123609,161226
706,2123952,377
464,2124157,7432
439,2124191,9714
78,2124483,172145
232,2124706,48442
249,2124889,46291
50,2124912,228137
107,2124934,136028
315,2124935,27391
865,2124962,10
454,2125437,8629
662,2125883,664
793,2126355,91
816,2126394,53
4,2126523,689571
417,2126872,12124
214,2126990,57157
513,2127652,4129
266,2127679,40970
540,2127897,3097
1,2127978,802035
594,2128459,1651
299,2128799,32539
383,2129194,15568
779,2129226,105
342,2129228,22471
8,2129677,566920
376,2129732,16660
460,2129889,7762
688,2129923,484
788,2129948,94
77,2130145,173419
866,2130339,9
605,2130685,1395
490,2131097,5069
837,2131314,28
501,2131331,4714
361,2131441,18654
64,2131544,195312
355,2131628,19152
635,2132181,1056
13,2132828,449779
604,2132867,1398
330,2132944,24383
51,2133019,227034
81,2133408,169874
731,2133413,228
99,2133518,148744
670,2133685,594
478,2134428,6104
826,2134461,36
35,2134563,294708
308,2134775,30122
485,2134821,5634
794,2134962,90
388,2134983,15144
602,2135100,1417
457,2135744,8148
208,2136006,61362
541,2136090,3060
309,2136214,29819
495,2136220,4941
369,2136273,17321
303,2136315,31670
665,2136658,652
137,2136699,109433
646,2136708,938
395,2137048,13879
614,2137106,1220
862,2137113,12
332,2137186,24294
27,2137188,331854
233,2137298,48143
720,2137395,313
152,2137541,97827
768,2137564,130
224,2138682,52707
740,2139654,190
544,2139741,3036
230,2140134,49866
729,2140305,233
618,2140446,1186
100,2140502,148459
870,2140559,8
607,2140679,1386
446,2140980,9252
606,2141578,1391
595,2141813,1641
498,2142015,4815
67,2142222,189469
165,2142538,89434
250,2142802,46165
192,2142901,71032
476,2142923,6386
378,2143028,16334
474,2143382,6578
562,2143421,2511
392,2144035,14095
202,2144281,64657
723,2144316,299
622,2145225,1158
441,2145359,9674
494,2145573,4958
32,2145649,312903
402,2168803,13277
591,2170741,1695
855,2170896,14
846,2170995,21
809,2171434,70
161,2171938,93487
218,2171983,55766
382,2172056,16038
500,2172610,4785
517,2172741,3903
148,2172761,102602
75,2172838,175912
694,2172891,463
265,2173364,41457
381,2173649,16208
502,2174060,4711
16,2174102,414111
327,2174163,25439
226,2174198,52304
270,2174772,40464
749,2174871,170
338,2174904,22749
248,2174905,46411
301,2175100,32373
336,2175174,23175
717,2175660,329
258,2175860,43895
615,2175878,1218
547,2176348,2962
275,2176355,39367
711,2176484,353
453,2176591,8710
103,2176673,142007
701,2176830,441
521,2176880,3657
769,2176951,130
193,2176985,69615
172,2176997,84481
393,2177105,14087
235,2177122,47692
126,2177144,117902
526,2177166,3583
856,2177342,14
781,2177379,104
463,2177523,7512
242,2177554,46999
506,2177595,4426
430,2177606,10890
61,2177696,202975
831,2177759,32
525,2177770,3590
247,2177858,46638
708,2177881,365
778,2177914,106
371,2178156,17117
857,2178204,14
444,2178451,9457
805,2178467,79
624,2178638,1144
42,2178811,255465
394,2179037,13949
587,2179095,1743
451,2179191,8799
612,2179275,1255
134,2179320,111919
6,2179394,615940
789,2179460,94
297,2179488,32693
70,2179516,184171
760,2179524,142
854,2179552,15
346,2179727,21585
449,2179728,8849
289,2179988,34482
281,2179989,35711
776,2180297,113
434,2180626,10115
611,2180651,1257
328,2180662,25413
832,2180955,31
589,2181023,1710
437,2181025,9845
503,2181032,4535
89,2181101,157662
806,2181104,79
199,2181217,65731
655,2181219,778
185,2181298,74588
564,2181428,2408
251,2181431,46014
455,2181476,8252
814,2181523,55
60,2181542,205229
238,2181669,47412
262,2181676,42981
763,2181688,137
593,2181694,1658
234,2181708,47993
452,2181744,8715
697,2181768,454
321,2181774,26115
293,2181789,33531
325,2181824,25570
588,2181835,1711
844,2181860,22
113,2181891,133944
556,2182015,2683
409,2182034,12411
269,2182121,40543
712,2182125,351
59,2182145,210443
625,2182169,1139
205,2182227,63066
700,2182228,444
600,2182237,1486
365,2182242,18151
559,2182257,2623
481,2182260,5953
307,2182261,30384
213,2182267,57600
273,2182271,39794
175,2182274,81924
858,2182276,13
511,2182287,4174
761,2182309,140
401,2182326,13503
684,2182344,489
374,2182357,16879
189,2182386,72746
479,2182610,6021
874,2182836,5
859,2182955,13
751,2182957,168
385,2183126,15336
539,2183181,3111
586,2183201,1760
239,2183227,47189
570,2183251,2140
331,2183314,24335
707,2183422,370
404,2183428,13194
255,2183448,45074
598,2183480,1558
127,2183481,116947
590,2183482,1701
120,2183483,125702
380,2183486,16242
298,2183490,32555
33,2183491,311752
426,2183545,11450
425,2183546,11559
681,2183599,512
323,2183605,25821
727,2183616,260
702,2183634,429
280,2183642,36651
305,2183804,31123
883,2183955,1
295,2183970,33343
245,2183998,46834
867,2184028,9
554,2184056,2705
523,2184114,3649
536,2184134,3202
609,2184155,1357
362,2184165,18603
575,2184171,2006
509,2184174,4314
790,2184201,94
304,2184203,31667
261,2184204,43264
577,2184207,1955
868,2184210,9
710,2184213,358
421,2184215,11850
445,2184221,9413
322,2184223,25908
879,2184234,4
835,2184237,30
410,2184243,12276
863,2184247,12
849,2184250,20
201,2184251,65461
673,2184255,552
263,2184275,42222
669,2184280,618
639,2184285,1003
698,2184286,448
349,2184287,20451
551,2184289,2728
860,2184295,13
49,2184324,233552
738,2184341,207
880,2184343,4
518,2184350,3842
610,2184359,1266
869,2184368,9
653,2184373,814
798,2184375,89
300,2184378,32496
477,2184386,6191
722,2184389,300
482,2184399,5766
529,2184401,3465
795,2184411,90
660,2184427,720
516,2184435,4021
561,2184448,2573
592,2184485,1663
641,2184496,987
671,2184498,590
744,2184508,180
802,2184516,84
719,2184517,318
678,2184526,525
695,2184535,460
648,2184541,898
403,2184552,13250
753,2184583,155
791,2184797,94
796,2184806,90
431,2184847,10428
617,2184852,1205
782,2184863,100
777,2184872,111
829,2185000,35
628,2185012,1103
