175,58,32859
704,164,25
720,214,12
288,813,14721
257,948,17639
268,1488,16516
388,1871,6732
503,2426,2167
159,3257,36626
600,3638,740
434,3904,4065
376,4675,7756
405,6593,5904
594,7185,796
510,7672,2062
421,10764,4736
779,10902,0
761,10965,1
700,11565,26
753,11758,1
369,15527,8273
615,16275,568
306,19450,13007
719,20146,12
126,20451,49486
512,20634,2032
650,22529,166
364,23046,8680
381,23632,7477
407,28243,5800
427,31891,4615
139,35585,43195
437,49682,3923
764,75864,1
612,77817,624
338,80335,10360
693,102641,34
100,141108,62557
563,156444,1193
640,182449,204
351,183045,9473
556,184307,1324
574,201700,1081
759,202854,1
661,216871,119
272,217192,16292
573,219202,1090
17,219369,173647
147,222751,40104
397,231570,6066
255,240304,17782
624,247494,448
91,254189,67333
758,254547,1
304,265281,13224
422,267903,4675
215,278359,22183
562,285536,1199
590,286637,838
326,287776,11683
160,292351,36529
46,301920,100338
191,302869,28262
387,311234,6853
522,331657,1848
710,372729,17
660,380208,121
528,380925,1701
679,384682,57
765,402246,1
511,403419,2036
57,432074,92716
379,433392,7493
372,433818,8066
788,474925,0
312,480392,12717
25,486339,144707
537,537507,1514
471,542783,2891
229,550454,20266
762,554260,1
133,572281,45762
515,590756,2017
667,635280,92
607,637516,664
228,656164,20376
322,666419,11802
138,669607,43382
698,684733,28
791,719468,0
145,741002,40588
218,743605,22038
361,747111,8934
561,769012,1238
642,770420,199
644,772163,193
302,779531,13307
659,781658,124
93,784340,66708
171,786529,33352
335,789512,10610
430,800543,4424
478,804111,2716
655,812287,148
102,817959,61844
221,860318,21533
468,862456,2941
144,865857,40658
609,866900,643
204,883040,23562
72,888810,77772
45,891173,101741
154,907588,37492
495,912249,2441
157,912352,36830
343,913250,9941
638,925391,223
459,926570,3183
70,934653,79603
541,945125,1481
625,945659,435
470,952827,2930
554,978034,1326
669,985782,90
694,991519,34
219,992825,21840
580,999986,961
337,1007629,10465
488,1019205,2593
717,1021247,13
740,1028035,5
203,1036162,23568
576,1043263,1032
583,1043323,926
769,1043943,0
521,1075536,1885
251,1078293,18018
682,1085503,53
235,1097438,19605
571,1108466,1096
18,1124356,173643
750,1126755,2
729,1137765,8
382,1137797,7132
244,1148395,18791
24,1156788,145288
83,1166358,71553
341,1169034,10020
249,1173630,18223
56,1174348,93541
595,1182358,790
447,1184145,3717
480,1186212,2700
671,1187462,80
293,1216380,14039
395,1233516,6182
330,1247466,11522
681,1248571,54
224,1259861,21139
616,1267847,543
90,1271321,67461
662,1294772,110
9,1317137,296567
86,1320170,70788
254,1321682,17822
454,1323047,3448
196,1325175,26400
314,1326344,12675
674,1338801,70
12,1342035,212393
546,1344475,1421
82,1344786,72199
786,1370083,0
618,1379818,533
714,1385426,14
363,1390210,8729
182,1398254,30441
433,1405084,4087
197,1406307,26166
477,1416762,2735
617,1419343,540
291,1419758,14163
584,1423677,907
754,1453511,1
610,1459338,639
49,1471280,97897
213,1472448,22340
545,1479932,1423
389,1485683,6723
757,1510598,1
568,1519293,1126
36,1535952,124149
121,1543507,51127
188,1545062,28641
404,1546340,5960
635,1548649,257
342,1549959,9954
741,1550162,4
377,1551180,7754
446,1552780,3741
656,1553074,143
744,1553266,4
734,1555525,6
29,1556649,130950
508,1566793,2087
223,1571842,21239
613,1573465,615
411,1577451,5452
129,1578846,46683
176,1580481,32786
22,1586763,147913
178,1587053,31737
183,1594692,30390
318,1595726,12060
8,1598893,304050
768,1603303,0
19,1608799,168302
767,1609139,0
357,1613388,9232
751,1614541,1
416,1615111,5003
325,1617970,11695
414,1629978,5113
313,1646529,12685
371,1646803,8116
94,1651308,65294
247,1657363,18296
622,1657441,480
614,1659003,614
336,1666646,10529
391,1667957,6634
498,1667968,2339
646,1672154,186
230,1674937,20265
226,1678679,20538
78,1682674,73936
118,1683698,53615
166,1684263,34353
673,1691132,72
239,1696634,19002
678,1702291,57
417,1703257,4982
743,1707975,4
42,1714244,110148
246,1715991,18440
142,1716245,42475
264,1721928,16969
593,1723176,799
724,1731090,10
181,1731373,31063
58,1734443,92323
99,1736828,62907
721,1740954,11
309,1745999,12868
74,1747072,77008
453,1747712,3566
164,1752476,34787
501,1762371,2215
281,1766388,15555
331,1772681,10958
431,1773131,4124
113,1783692,56069
398,1784555,6061
5,1786798,358713
502,1793379,2177
464,1796437,3055
340,1806454,10057
177,1810435,32058
31,1814340,129989
408,1815147,5799
292,1819308,14081
476,1820634,2739
485,1820940,2667
324,1820949,11701
403,1821118,5982
123,1825930,50471
552,1826519,1330
354,1833730,9316
550,1845090,1355
733,1847667,6
227,1851914,20476
696,1860047,31
327,1863997,11581
760,1865755,1
97,1875804,64158
307,1885328,12965
277,1887375,15947
366,1889098,8573
406,1891510,5834
481,1894074,2683
505,1894432,2119
356,1898371,9304
13,1905015,202793
280,1907385,15699
92,1912482,67195
396,1915106,6137
784,1917716,0
620,1921999,502
708,1934829,19
212,1935738,22460
209,1941136,22670
378,1945137,7722
199,1946447,24792
365,1947487,8624
67,1947566,80817
565,1949840,1180
578,1951415,991
187,1951772,29599
575,1955107,1067
87,1958874,70496
579,1960055,983
59,1961278,88791
149,1963398,39965
504,1966979,2135
586,1967572,897
143,1978213,42242
276,1979816,15978
701,1979860,26
298,1980096,13681
392,1983197,6372
589,1985704,848
362,1986226,8905
323,1989499,11713
73,1993222,77721
110,1993578,56437
119,1994814,53233
727,1994940,8
168,1998385,34004
303,1998599,13275
730,1999464,8
50,2002238,97778
232,2002702,19971
596,2003676,790
460,2005788,3118
305,2009293,13113
442,2011248,3781
534,2013229,1581
124,2014236,50017
401,2015907,6013
699,2017869,26
345,2018016,9879
629,2018684,345
185,2021767,30154
84,2023202,71344
132,2025956,46160
509,2026008,2066
220,2027527,21635
184,2028057,30206
482,2031095,2672
32,2032066,129081
755,2035591,1
207,2048251,23014
189,2049063,28454
670,2050175,89
37,2054225,116455
747,2054744,3
763,2055242,1
282,2055623,15402
418,2055973,4892
368,2056849,8402
41,2057638,111535
350,2057827,9542
529,2058491,1690
632,2058565,289
216,2058795,22133
551,2059063,1345
237,2060580,19433
217,2062192,22100
564,2062753,1191
728,2063206,8
234,2064524,19728
169,2064866,33910
735,2065395,5
2,2067012,517418
450,2070095,3606
80,2071214,73187
158,2073585,36718
705,2073946,24
259,2076485,17553
467,2077042,2994
452,2077500,3568
156,2078276,36932
739,2078678,5
367,2078984,8490
424,2079911,4640
30,2080309,130534
3,2082469,473695
205,2083091,23536
167,2083788,34150
585,2083885,906
651,2084332,165
582,2084340,935
555,2084797,1325
26,2085697,142184
773,2085977,0
627,2086862,353
225,2087044,20575
386,2087974,6889
161,2088089,36462
527,2088438,1714
198,2088603,25522
265,2088720,16795
103,2090629,61285
193,2090745,27277
146,2090921,40434
465,2091224,3025
457,2091752,3218
492,2092609,2514
706,2092900,24
348,2093156,9775
274,2093353,16234
429,2093396,4454
547,2093981,1418
95,2094332,64351
256,2094480,17656
61,2095097,85047
560,2095168,1267
748,2096081,2
211,2096974,22463
663,2097174,103
260,2098997,17360
52,2100268,96063
284,2100821,15181
683,2101178,49
271,2101531,16395
48,2101846,97998
34,2102310,127978
120,2103338,51854
310,2103534,12838
441,2104259,3781
723,2106685,10
290,2109083,14612
601,2110005,729
194,2110662,27249
60,2112530,85840
445,2112721,3741
539,2112797,1497
65,2112801,81552
426,2113377,4626
641,2113497,200
16,2113964,179739
23,2113999,147867
77,2114370,74333
606,2114502,665
770,2115128,0
402,2116596,5992
536,2116934,1517
455,2117494,3439
448,2117545,3683
241,2117706,18917
273,2117739,16236
474,2118228,2802
20,2118644,160613
162,2119519,35941
64,2119635,82837
329,2119727,11535
285,2121004,15139
233,2121007,19788
55,2121243,93561
27,2121326,139972
79,2121468,73520
675,2121745,63
570,2121965,1115
332,2122184,10855
238,2122743,19253
151,2122744,38826
692,2122757,34
680,2122773,55
69,2123065,79870
530,2123325,1626
112,2123609,56203
738,2123952,5
483,2124157,2671
266,2124191,16615
98,2124483,63890
500,2124699,2216
543,2124706,1470
711,2124889,17
787,2124895,0
394,2124912,6204
253,2124934,18011
742,2124935,4
462,2124962,3081
514,2125070,2017
200,2125437,24302
516,2125883,2010
526,2125887,1717
645,2126351,188
639,2126355,205
7,2126523,336351
691,2126872,36
301,2126885,13308
349,2126990,9697
569,2127268,1116
328,2127652,11568
35,2127679,124259
4,2127978,377751
566,2128117,1161
105,2128799,58785
279,2129194,15705
623,2129228,470
687,2129523,43
14,2129677,199706
778,2129889,0
440,2129923,3834
101,2130145,62533
299,2130473,13563
686,2130631,44
621,2130685,482
320,2131097,12021
649,2131331,180
319,2131441,12028
148,2131544,40016
353,2131628,9365
258,2132181,17603
572,2132406,1092
6,2132828,342190
506,2132867,2113
533,2132944,1595
62,2133019,84302
771,2133183,0
173,2133408,33286
214,2133413,22275
690,2133516,40
352,2133518,9391
591,2134248,813
549,2134283,1386
458,2134336,3213
415,2134425,5026
15,2134563,185458
308,2134775,12929
756,2134983,1
438,2135100,3915
333,2135744,10793
287,2135995,14814
104,2136006,60434
603,2136090,706
190,2136214,28353
294,2136273,13979
490,2136315,2570
374,2136658,7995
54,2136699,94408
358,2136708,9179
11,2137188,251909
111,2137298,56416
370,2138001,8163
201,2138682,23656
136,2139741,43636
553,2140134,1327
507,2140502,2111
652,2140559,160
518,2140980,1983
317,2141813,12180
709,2142015,18
10,2142222,266834
695,2142482,33
236,2142538,19524
375,2142802,7870
261,2142901,17337
489,2143028,2576
631,2143264,291
657,2143421,141
523,2143715,1832
436,2144035,4002
400,2144281,6033
746,2145359,3
633,2145367,278
373,2145441,8041
544,2145492,1459
128,2145573,47047
385,2145649,6916
643,2168803,198
689,2172056,41
766,2172216,1
315,2172610,12376
479,2172761,2709
472,2172838,2829
419,2173075,4847
535,2173364,1576
38,2174102,114745
567,2174163,1146
108,2174772,56674
179,2174871,31584
653,2174904,159
186,2174905,29914
125,2175100,49964
135,2175174,44508
435,2175505,4062
707,2175542,23
540,2175660,1481
413,2175860,5377
781,2175878,0
81,2176348,73057
131,2176591,46319
71,2176673,78775
538,2176707,1507
383,2176735,7109
262,2176830,17162
243,2176880,18829
519,2176985,1976
115,2176997,54488
252,2177105,18016
785,2177122,0
28,2177144,131287
726,2177379,9
163,2177554,34821
242,2177696,18888
109,2177759,56548
684,2177768,48
634,2177770,276
732,2177858,6
208,2178156,22781
399,2178451,6044
240,2178467,18952
499,2178475,2319
604,2178602,700
619,2178638,505
155,2178802,37381
76,2178808,74722
231,2178811,20191
174,2178927,33179
39,2178951,112360
68,2178966,80148
63,2178972,83808
141,2178973,42947
192,2178984,27414
47,2178986,98477
210,2179006,22481
134,2179007,45726
170,2179017,33892
33,2179018,128509
96,2179026,64169
380,2179027,7491
127,2179029,48561
412,2179037,5448
443,2179095,3770
51,2179107,97393
270,2179108,16432
202,2179275,23581
153,2179320,38361
685,2179326,46
1,2179394,539464
355,2179460,9313
117,2179488,53651
89,2179516,69799
130,2179727,46521
497,2179728,2347
731,2179797,6
672,2179988,75
423,2179989,4659
520,2180297,1901
53,2180626,95593
316,2180651,12346
425,2180662,4636
88,2180955,69881
444,2181025,3754
665,2181075,99
359,2181101,9134
449,2181104,3673
195,2181217,26557
588,2181219,860
688,2181298,43
513,2181428,2021
676,2181431,61
283,2181476,15227
339,2181488,10240
300,2181523,13459
106,2181542,58254
250,2181669,18150
745,2181676,3
486,2181688,2640
531,2181694,1620
40,2181708,112352
524,2181744,1795
658,2181768,138
122,2181774,50793
222,2181789,21454
718,2181824,12
152,2181835,38781
107,2181837,57350
780,2181865,0
114,2181891,55516
150,2181974,39623
648,2182015,182
517,2182034,1984
269,2182121,16497
180,2182145,31144
473,2182169,2813
116,2182227,53853
776,2182257,0
344,2182260,9921
297,2182261,13684
85,2182267,71277
275,2182271,16048
461,2182274,3108
491,2182326,2552
390,2182344,6721
697,2182357,29
557,2182386,1298
666,2182398,94
494,2182610,2495
664,2182830,101
532,2182955,1606
172,2183126,33288
602,2183181,721
626,2183227,420
321,2183238,11993
296,2183239,13695
774,2183251,0
245,2183281,18530
587,2183314,871
295,2183422,13978
311,2183448,12772
542,2183470,1476
712,2183480,16
289,2183482,14637
43,2183483,108175
677,2183486,61
140,2183490,43093
75,2183491,76298
608,2183545,645
466,2183546,3017
263,2183605,17097
611,2183613,636
44,2183616,105179
334,2183634,10757
702,2183639,25
439,2183642,3842
577,2183804,1003
278,2183955,15857
286,2183957,15002
206,2183970,23041
628,2184011,351
360,2184114,8941
525,2184141,1786
493,2184150,2500
410,2184155,5614
165,2184160,34671
384,2184165,7047
722,2184172,11
716,2184174,13
737,2184189,5
749,2184201,2
21,2184203,156518
469,2184204,2935
137,2184210,43600
393,2184215,6209
428,2184223,4483
456,2184234,3254
599,2184237,741
267,2184243,16611
630,2184250,315
487,2184251,2602
463,2184255,3071
703,2184285,25
647,2184286,182
346,2184287,9866
248,2184289,18282
581,2184316,959
592,2184321,801
789,2184323,0
66,2184324,81550
715,2184341,14
559,2184342,1291
736,2184343,5
409,2184359,5651
420,2184375,4820
782,2184378,0
654,2184386,158
484,2184389,2668
496,2184395,2436
725,2184396,9
772,2184401,0
775,2184431,0
636,2184434,238
451,2184452,3587
713,2184458,15
597,2184496,789
605,2184508,670
432,2184517,4099
475,2184526,2747
347,2184535,9812
637,2184541,226
548,2184552,1404
777,2184576,0
558,2184579,1295
783,2184804,0
598,2184847,777
752,2184852,1
668,2184885,91
790,2184912,0
