3,1,6384689
17,2,215527
7,3,3565290
56,8,3868
34,9,24869
5,10,4572359
49,11,5973
36,12,21942
14,15,362412
23,16,133372
6,19,4510341
4,20,4908134
11,24,594073
46,26,11502
9,28,1195634
18,29,193560
26,35,121641
32,41,26206
16,50,236870
31,62,37620
62,65,1064
15,68,293661
10,69,971384
30,70,53816
1,75,6999696
54,77,5054
45,78,12190
52,79,5552
50,81,5897
40,82,16083
37,93,21359
38,94,21012
61,105,1151
25,111,129463
69,113,175
12,120,580919
68,132,193
72,136,50
33,137,25716
8,139,1347439
29,150,55976
42,153,14076
20,154,153694
55,160,4938
13,162,449186
2,167,6681422
22,171,139822
19,176,188816
64,177,879
53,179,5157
41,181,14248
39,194,18245
65,197,732
27,200,112779
24,203,131819
21,204,146962
66,211,657
43,219,13971
67,220,525
73,224,49
74,230,35
57,231,3860
28,237,104752
51,239,5895
47,241,8075
71,242,65
44,245,13194
58,250,3293
77,251,4
76,253,10
60,257,1972
75,259,14
70,260,99
63,272,967
59,275,2263
48,277,6754
35,278,23495
