1040,16,1757
1300,58,412
1335,156,303
398,164,27352
389,214,28072
751,250,7191
1348,515,272
1115,612,1232
1173,644,935
1169,645,954
1049,760,1691
956,786,2789
408,813,26206
743,930,7449
288,948,42413
1357,1031,248
881,1488,4184
545,1659,15694
961,1871,2719
1431,2197,109
821,2426,5420
1361,2434,241
885,2466,4115
1284,2546,478
1122,2770,1192
1549,2955,1
18,3257,465169
284,3638,42767
806,3904,5816
277,4675,43680
1105,5206,1287
347,5515,33277
1496,5802,38
911,6445,3483
453,6593,22243
230,7185,54856
734,7365,7620
323,7672,37805
890,8815,3935
739,9312,7497
662,10005,10560
975,10174,2507
1417,10357,130
694,10764,9178
1086,10902,1415
1045,10965,1720
980,11565,2434
553,11758,15248
497,13583,18557
945,14536,3008
999,15291,2077
109,15527,113824
953,15726,2816
1212,15878,781
1533,16275,8
747,19450,7288
1194,20146,837
562,20451,14845
615,20634,12436
1340,23046,295
812,23632,5711
320,24249,38126
948,28243,2961
1414,31459,143
651,31891,10933
25,35585,362071
179,38188,73891
1472,41007,52
1321,49616,343
1270,49682,530
1272,51952,525
877,58485,4227
217,64340,59215
1508,70237,27
628,75864,11854
978,77817,2446
1536,80335,6
1211,80863,782
367,83966,31022
299,87568,40866
1159,88807,1007
118,91387,106149
350,96667,33114
1325,97846,337
1238,100797,664
1179,102641,917
1028,110010,1846
602,115321,13070
1333,118153,312
1378,119743,196
1535,129037,7
989,141108,2310
244,144527,51900
1469,153739,56
1429,156480,113
1497,157446,36
1058,182449,1593
83,183045,141609
266,183902,46740
345,184307,33779
828,190983,5297
315,191715,38674
1453,193545,74
363,200555,31568
322,201700,37978
534,202854,16174
1323,203514,338
774,216871,6568
849,217192,4819
332,219202,36107
295,219369,41071
1036,222512,1777
139,222751,96258
1260,225760,588
622,231570,12000
1473,234134,52
836,238040,5096
507,240304,17780
375,247494,30139
1318,252330,356
1418,253061,130
374,254189,30317
464,254547,21099
1379,256280,195
544,258443,15707
437,262910,24127
201,265281,65970
1153,266664,1074
1394,266826,173
243,267903,52144
45,278359,245486
583,285536,13990
1334,286637,307
191,287776,69798
95,292351,132677
855,294623,4700
1373,295493,206
728,301195,7879
1138,301920,1130
1145,302869,1106
1542,304119,2
388,311234,28193
169,321281,80201
108,331657,115374
552,349480,15334
714,362199,8418
1183,372729,894
790,380208,6144
563,380925,14771
578,384682,14267
638,391222,11549
1526,402246,12
972,403419,2556
1401,409584,159
64,409970,179381
970,412476,2576
531,414455,16496
757,419858,6977
1440,429933,92
936,432074,3106
128,433392,98395
506,433818,17798
682,438714,9798
1503,442134,32
1025,460649,1853
1389,474925,182
1324,480392,338
711,486017,8521
1055,486339,1612
955,488498,2800
1275,492721,516
678,531777,9953
1057,537507,1601
245,542783,51815
792,546791,6114
1072,550454,1513
184,554260,71751
794,555656,6030
772,561343,6588
260,562305,48328
669,570723,10292
59,572281,196122
263,572504,47706
431,577826,24642
1071,585014,1515
683,590756,9689
1319,608533,348
1532,635280,9
502,637516,18185
254,656147,49554
759,656164,6918
1482,663520,47
1232,666419,686
686,669607,9580
1076,684733,1481
769,689953,6742
987,697480,2336
1366,709099,234
727,719468,7881
795,741002,6012
259,743605,48835
587,747111,13587
490,748151,19183
1161,769012,1001
465,769552,21013
825,772163,5353
886,776487,4112
74,779531,157388
1509,781658,26
606,783798,12912
844,784340,4895
1214,786529,775
278,789512,43544
369,795080,30939
40,800543,258955
1375,804111,198
1518,812287,18
202,817959,65592
87,819429,137584
979,828995,2438
597,835134,13156
1405,843253,157
1543,845612,2
764,860318,6847
666,862424,10496
1088,862456,1384
419,865857,25331
834,866900,5130
1513,875478,20
856,878285,4683
585,883040,13657
112,888810,110468
697,891173,9030
572,902339,14440
1246,907588,633
233,908754,54064
1046,911726,1720
189,912249,70062
137,912352,96545
1135,912799,1144
98,913250,124408
300,925391,40758
1411,926570,150
1484,933357,45
993,934653,2229
1392,944051,175
1119,945125,1210
719,945659,8308
393,946962,27826
926,947682,3267
721,949693,8215
311,951401,39313
274,952827,43968
1494,953649,39
1439,965211,94
124,967045,99856
700,978034,8949
279,985782,43379
1307,986252,395
1035,987383,1779
463,987723,21303
416,991519,25409
1078,992825,1475
1489,997469,42
46,999986,241549
462,1006563,21454
1241,1007629,652
516,1019205,17255
1358,1020508,247
396,1021247,27443
705,1024499,8855
722,1028035,8211
125,1036162,99774
766,1041417,6843
1156,1043263,1023
242,1043323,52204
1068,1043943,1524
623,1047744,11976
1024,1051979,1859
1031,1066559,1810
1507,1073867,28
676,1075536,10007
168,1078293,80597
1261,1084230,588
514,1085503,17422
570,1091882,14474
1326,1096810,334
1181,1097072,908
1190,1097438,844
940,1105744,3076
1242,1108466,652
418,1124356,25349
1234,1126755,672
384,1130513,28744
227,1137765,56208
306,1137797,40181
190,1148395,70015
829,1156608,5258
569,1156788,14500
1383,1166358,191
693,1169034,9202
621,1173630,12004
1372,1173977,208
620,1174348,12052
1026,1182358,1847
573,1184145,14427
921,1186212,3373
30,1187462,339195
238,1203157,53216
222,1216380,57697
1069,1224118,1522
887,1233516,4056
394,1233703,27814
720,1247466,8231
1009,1248571,2016
1063,1259861,1541
1061,1262171,1547
1370,1262288,210
249,1267847,50843
782,1271321,6343
1495,1278668,39
1200,1294772,807
1510,1299883,26
358,1301199,32228
1090,1317137,1381
770,1319129,6711
159,1320170,83372
226,1321682,56418
871,1323047,4307
1160,1325175,1004
776,1326344,6510
748,1327372,7248
680,1329046,9886
1126,1338801,1187
15,1342035,725124
1254,1344475,604
986,1344786,2348
927,1348773,3252
1291,1350126,447
838,1363055,5041
1491,1363205,40
822,1369420,5391
659,1369805,10635
857,1370083,4602
117,1379818,106151
247,1382360,50966
997,1385426,2106
436,1390210,24334
725,1393257,7973
239,1398254,52790
505,1403742,17843
1480,1403781,50
576,1405084,14288
654,1406307,10707
115,1416762,107257
1471,1419343,53
229,1419758,55752
1092,1420391,1377
645,1423677,11270
1467,1427030,57
894,1433177,3758
333,1434418,36079
591,1437428,13423
262,1440028,47858
1446,1451906,86
500,1453511,18252
893,1459338,3784
251,1466469,49927
1178,1469003,922
780,1469587,6357
101,1470110,123973
799,1471280,5976
1062,1472448,1544
1250,1473731,614
160,1475038,83186
773,1476089,6587
305,1479932,40274
1191,1483240,844
839,1485545,5004
452,1485683,22275
1457,1498879,69
1483,1498913,46
1492,1501353,40
1365,1510598,235
1309,1513823,390
733,1515545,7685
1222,1516486,725
97,1519293,127264
439,1522246,23675
673,1535952,10156
614,1543507,12502
919,1545062,3383
75,1546340,151244
1101,1548649,1318
1437,1549959,101
469,1550162,20877
349,1551180,33153
166,1552275,81910
256,1552780,49201
1228,1553074,696
321,1553266,38095
225,1555525,56736
1073,1556649,1502
144,1563523,92773
150,1563960,88294
337,1564217,35501
657,1564223,10674
671,1564945,10198
1033,1566017,1788
93,1566793,133193
402,1568957,26733
768,1571842,6775
938,1573465,3082
1147,1573548,1102
1034,1577013,1784
1441,1577430,92
121,1577451,101608
185,1578846,71713
1032,1579889,1800
35,1580481,293293
192,1586763,69536
120,1587053,104124
750,1589382,7194
104,1592344,122688
696,1592933,9042
539,1593827,15932
1223,1594692,718
298,1595726,40895
735,1598893,7586
1399,1600033,163
424,1603303,25076
848,1608799,4835
22,1609139,410408
763,1610816,6852
216,1611365,59535
1133,1611699,1163
483,1613388,19595
1245,1613919,641
181,1615111,73661
983,1617970,2423
1203,1627158,803
29,1628375,342432
1524,1629938,13
1204,1629978,800
876,1635695,4235
1512,1638135,24
1464,1638669,60
1137,1642395,1136
1236,1645211,668
1093,1646529,1373
689,1646803,9498
1522,1646936,15
62,1651308,189028
261,1652831,48324
468,1657363,20904
492,1657441,19093
1312,1659003,370
1341,1663439,289
379,1665557,29634
1152,1666646,1086
982,1667957,2426
271,1667968,44911
549,1671571,15475
51,1672154,210535
852,1673222,4734
1011,1674937,1985
1544,1677446,2
1174,1678679,933
17,1682674,622669
1485,1682871,45
1317,1683698,363
581,1684263,14107
864,1685021,4487
1224,1688375,715
307,1691091,40154
296,1691132,41050
94,1696634,132681
1059,1697624,1588
1537,1699710,5
429,1700496,24754
924,1700613,3292
971,1702006,2570
869,1702291,4353
1438,1702675,95
684,1703257,9618
265,1706235,46993
172,1707975,78097
237,1714244,53411
1106,1715942,1278
707,1715991,8730
925,1716245,3274
1545,1721648,2
69,1721928,167576
178,1723176,74084
1468,1726840,57
1327,1731090,334
135,1731373,97087
1342,1733672,288
1041,1734443,1752
1177,1736828,924
385,1740644,28562
28,1740954,346363
813,1743028,5696
24,1745999,370457
868,1747072,4361
10,1747712,859594
1493,1748648,40
1416,1749963,132
310,1751869,39558
952,1752476,2841
1474,1756097,52
1448,1762371,80
334,1762817,35987
1206,1766082,796
607,1766388,12894
954,1772681,2804
241,1773131,52259
958,1777202,2753
681,1783178,9839
1075,1783692,1487
1005,1784555,2041
38,1786798,272137
1151,1793379,1094
1343,1796126,286
19,1796437,435723
1180,1806199,912
253,1806454,49589
580,1810435,14149
865,1814340,4445
1231,1815147,690
448,1819308,23001
1279,1820634,500
213,1820940,60560
110,1820949,112741
949,1821118,2918
803,1824034,5894
994,1825930,2228
96,1826108,127868
981,1826519,2427
1207,1833730,795
152,1836199,87503
1237,1836919,668
802,1839095,5953
1345,1845090,282
176,1847667,75199
523,1851914,17021
1346,1857509,276
329,1858260,37092
653,1860047,10743
791,1863997,6143
942,1865755,3047
406,1875804,26279
939,1878083,3080
193,1879611,68837
1149,1885328,1096
964,1887375,2689
900,1889098,3690
340,1891510,34898
861,1894074,4501
289,1894143,42311
143,1894149,92858
804,1894432,5880
1407,1895629,154
1016,1897732,1949
11,1898371,847959
1465,1903256,60
1450,1903967,76
58,1905015,201619
442,1907385,23473
485,1909540,19532
1047,1910557,1714
360,1911553,31985
163,1912482,82304
1458,1912664,68
1125,1915106,1188
1460,1917716,65
959,1919083,2748
399,1921681,27254
710,1921999,8565
1402,1922194,158
48,1922589,240468
658,1929924,10657
446,1933963,23306
297,1934829,40917
701,1935343,8932
473,1935738,20366
891,1937293,3897
1143,1938146,1111
472,1939848,20471
932,1941136,3196
818,1943414,5455
762,1943417,6889
491,1945137,19119
796,1945722,6007
1226,1946447,711
963,1946933,2690
535,1947487,16076
1184,1947566,884
510,1951415,17703
210,1951772,63476
785,1952754,6300
36,1955107,280878
356,1958874,32639
730,1960055,7816
71,1961278,166423
1380,1961435,195
450,1961501,22580
303,1961693,40401
1120,1963398,1204
1434,1964159,107
1423,1964855,120
41,1966979,257321
354,1967572,32676
1006,1969944,2040
611,1970463,12548
1353,1971615,260
207,1978213,63782
1134,1979816,1147
1215,1980085,760
91,1980096,135108
691,1982781,9361
16,1983197,664900
183,1985704,72590
1008,1986226,2031
1444,1989410,88
1131,1989499,1181
644,1989749,11271
1316,1992450,364
679,1993222,9890
1074,1993578,1501
1381,1993782,194
706,1994337,8845
173,1994814,76307
672,1994940,10177
302,1997833,40404
1306,1998385,400
901,1999464,3674
1486,2002070,44
1077,2002238,1480
301,2002702,40628
1314,2003676,367
880,2005788,4199
1253,2006269,608
723,2007265,8206
1262,2008932,584
212,2009293,62530
726,2009697,7912
1295,2011248,425
1363,2013229,237
824,2014236,5360
344,2017869,34155
499,2018016,18383
149,2018546,89081
52,2018579,210034
732,2018684,7723
140,2021767,95973
5,2023202,1001537
551,2025474,15366
1339,2025513,298
73,2025956,161923
1188,2026008,856
1311,2027527,375
494,2028057,19069
962,2031095,2706
892,2032066,3844
1293,2034229,434
1498,2036411,34
285,2038416,42643
1269,2038837,543
428,2041304,24861
433,2042685,24571
1425,2044485,118
1349,2044850,268
1289,2045489,452
1322,2045759,341
1301,2046950,410
1027,2047436,1847
1384,2048251,189
1100,2048893,1331
1148,2049063,1097
1044,2050175,1733
92,2051496,133530
1285,2051644,468
909,2054038,3515
957,2054225,2786
754,2054684,7121
1451,2054725,76
538,2054744,15988
625,2055242,11919
319,2055445,38550
1354,2055623,254
1303,2055885,407
709,2056203,8660
381,2056370,29106
1018,2056849,1934
14,2057638,768298
391,2057827,27904
1274,2058154,520
1308,2058491,394
741,2058565,7465
655,2058795,10701
410,2059008,26110
815,2059063,5626
1258,2059472,591
357,2060287,32504
400,2060580,27248
1449,2061432,78
252,2062192,49880
724,2062753,8163
674,2063206,10103
1385,2063906,188
283,2064524,42850
1175,2064710,933
13,2064866,781389
1172,2065395,938
1235,2065966,669
1420,2066652,124
107,2067012,116669
872,2069901,4302
275,2070095,43764
1227,2070129,701
392,2070356,27852
831,2070871,5236
904,2071214,3636
896,2071342,3744
1550,2072440,1
758,2072629,6952
781,2072660,6347
1388,2072840,185
488,2073585,19464
775,2073946,6515
1164,2076052,990
2,2076485,1505683
797,2076908,5997
122,2077042,101366
90,2077500,136325
1409,2077773,152
457,2078175,21865
105,2078176,119678
1007,2078276,2035
556,2078678,15075
1367,2079605,234
1280,2079911,499
1501,2080189,33
352,2080309,32770
136,2080812,96662
1185,2080999,881
1225,2081237,713
687,2081316,9570
1282,2081698,494
1171,2082469,942
1123,2083091,1190
228,2083788,56172
1189,2083885,846
39,2084332,270813
397,2084340,27438
466,2084797,21006
441,2085554,23519
1195,2085697,835
376,2085977,30122
77,2086782,148488
749,2087044,7209
920,2087047,3383
518,2087974,17217
1352,2088089,265
603,2088292,13038
281,2088438,43200
1426,2088545,118
272,2088603,44182
1089,2088720,1382
148,2088835,89456
1310,2089545,384
501,2090629,18248
702,2090745,8929
27,2090921,347486
760,2091224,6897
1390,2091259,182
1230,2091752,692
736,2092609,7547
512,2092837,17601
906,2092900,3628
223,2093156,57233
445,2093353,23332
417,2093396,25398
636,2093981,11687
1104,2094332,1301
913,2094480,3465
1273,2095032,525
157,2095097,83861
404,2095168,26381
1351,2096015,266
422,2096081,25095
1290,2096365,452
810,2096765,5761
630,2096974,11787
631,2097174,11766
348,2098302,33180
756,2098395,6986
63,2098548,180874
677,2098905,10000
477,2098997,19928
70,2100268,166586
309,2100524,39637
1217,2100821,747
167,2101178,81346
1014,2101531,1953
1109,2101846,1274
1355,2102025,250
522,2102310,17057
558,2102822,15002
1083,2103338,1432
526,2103534,16653
1475,2104192,52
113,2104259,110014
218,2105233,58341
992,2106040,2256
515,2106801,17399
142,2109083,93526
969,2109384,2583
114,2109652,108997
486,2110005,19520
635,2110338,11703
594,2110351,13280
1294,2110420,430
595,2110451,13237
916,2110662,3448
1247,2112320,633
765,2112353,6847
26,2112530,355508
146,2112721,90427
20,2112797,421209
287,2112801,42421
211,2113353,63290
819,2113377,5443
68,2113497,169663
361,2113522,31757
420,2113702,25313
129,2113964,97968
536,2113999,16040
180,2114370,73750
1070,2114502,1518
1356,2114556,250
698,2114867,9002
550,2115128,15388
588,2115188,13566
1060,2116252,1575
100,2116596,124030
119,2116934,106112
897,2117494,3729
670,2117522,10231
837,2117545,5045
854,2117706,4702
1403,2117739,158
988,2118135,2320
1001,2118197,2052
944,2118228,3024
875,2118605,4242
789,2118644,6187
817,2119519,5463
1048,2119588,1712
1141,2119635,1116
318,2119727,38584
1144,2120413,1110
1163,2120634,991
1108,2120650,1275
44,2120953,250815
1136,2120954,1144
187,2121004,70466
850,2121007,4794
12,2121243,816294
798,2121326,5980
55,2121468,204467
37,2121745,273117
529,2121965,16519
637,2122184,11681
415,2122269,25475
823,2122320,5378
1463,2122501,61
276,2122743,43696
8,2122744,935759
66,2122757,171909
34,2122773,294628
1266,2122907,571
809,2123065,5767
712,2123325,8446
626,2123609,11903
1527,2123952,12
1199,2124157,813
165,2124191,82078
1110,2124483,1271
555,2124699,15177
153,2124706,86200
21,2124889,415655
80,2124912,145986
808,2124934,5784
1315,2124935,367
1127,2124962,1183
343,2125070,34668
995,2125437,2121
131,2125883,97597
1546,2125887,2
991,2125992,2258
667,2126355,10307
968,2126394,2599
1528,2126414,12
7,2126523,959542
746,2126872,7293
1476,2126885,52
664,2126990,10509
1499,2127268,34
1504,2127421,30
234,2127652,54019
111,2127679,112394
3,2127978,1309619
1459,2128231,68
292,2128254,41565
1019,2128459,1931
1391,2128583,176
1146,2128799,1106
600,2128808,13144
50,2129194,220565
1530,2129226,10
359,2129228,31988
783,2129523,6338
49,2129677,230424
1095,2129889,1372
456,2129923,22107
188,2129948,70186
1015,2130145,1953
1283,2130339,485
568,2130473,14549
907,2130615,3584
1445,2130631,87
487,2130685,19507
805,2131097,5846
346,2131314,33555
811,2131331,5756
482,2131441,19619
646,2131544,11170
79,2131628,146928
931,2131930,3231
985,2131978,2407
355,2132109,32645
493,2132110,19084
513,2132160,17433
703,2132181,8895
1430,2132363,112
1368,2132406,215
154,2132828,85714
624,2132867,11936
224,2132944,56852
270,2133019,45142
1490,2133178,42
590,2133183,13439
610,2133408,12561
745,2133413,7343
930,2133516,3234
161,2133518,82766
1432,2133595,108
304,2133685,40373
1505,2134248,30
537,2134283,16010
902,2134336,3670
827,2134425,5313
863,2134428,4489
1412,2134461,144
1099,2134563,1337
72,2134775,164809
884,2134821,4127
642,2134962,11353
1182,2134983,896
1362,2135100,238
889,2135634,4012
592,2135744,13399
1219,2135995,739
4,2136006,1289827
220,2136021,57969
935,2136090,3114
547,2136214,15500
532,2136220,16467
42,2136273,256377
331,2136315,36736
308,2136658,39950
716,2136696,8393
103,2136699,122739
335,2136708,35859
998,2137048,2082
934,2137106,3137
496,2137113,18689
432,2137132,24590
371,2137133,30493
145,2137186,91260
127,2137188,98622
859,2137298,4571
910,2137395,3507
314,2137541,38677
1374,2138001,203
434,2138229,24530
1267,2138323,567
123,2138682,101196
1170,2139121,948
1330,2139653,320
922,2139654,3317
1332,2139716,315
928,2139741,3248
1167,2139785,968
89,2140134,136774
1547,2140233,2
966,2140286,2654
1359,2140305,247
1263,2140333,573
851,2140446,4774
1121,2140502,1194
1551,2140537,1
1481,2140559,48
194,2140679,68651
147,2140980,90209
1209,2141000,788
1461,2141083,65
1196,2141165,825
1455,2141487,73
847,2141578,4870
917,2141813,3437
1506,2141920,30
649,2142015,11110
65,2142222,175380
874,2142246,4262
481,2142481,19718
596,2142482,13163
458,2142486,21668
519,2142538,17187
841,2142802,4982
1,2142901,3156590
604,2142923,12932
130,2143028,97761
1292,2143264,437
1454,2143382,74
858,2143421,4591
1082,2143609,1450
23,2143715,395394
1132,2144035,1165
548,2144281,15480
326,2144326,37386
1154,2144772,1073
1112,2145005,1248
965,2145225,2680
370,2145359,30737
704,2145367,8860
196,2145441,67936
1216,2145492,748
324,2145573,37629
1037,2145649,1777
76,2168803,148819
1344,2170896,286
1256,2171013,598
438,2171434,23702
1038,2171938,1769
605,2171983,12921
200,2172056,66715
478,2172065,19886
1534,2172107,8
1456,2172216,70
807,2172610,5809
1382,2172741,193
1020,2172761,1929
1239,2172838,659
717,2172891,8342
1150,2173040,1096
1168,2173075,966
1406,2173233,156
1192,2173262,842
1065,2173300,1532
1210,2173364,786
842,2173649,4937
1081,2173719,1463
860,2173766,4525
1435,2173782,106
1111,2173921,1271
1531,2173977,10
330,2174060,36870
203,2174102,64737
1525,2174108,13
661,2174163,10562
1288,2174198,463
1023,2174544,1888
57,2174772,201729
219,2174871,58204
1079,2174904,1472
1277,2174905,511
1519,2175032,17
382,2175100,29071
231,2175174,54355
1098,2175357,1353
946,2175505,2996
1347,2175542,275
246,2175660,51138
800,2175784,5967
134,2175860,97290
870,2175878,4347
1502,2175970,33
663,2176068,10516
915,2176116,3450
753,2176243,7126
250,2176348,49994
255,2176355,49305
199,2176434,67043
740,2176484,7495
967,2176589,2648
47,2176591,241034
386,2176594,28309
327,2176663,37213
929,2176673,3244
171,2176707,78403
843,2176735,4934
1400,2176774,160
540,2176830,15888
788,2176880,6237
257,2176921,49189
918,2176933,3391
240,2176949,52356
530,2176950,16498
867,2176951,4396
1158,2176985,1009
690,2176997,9369
1000,2177058,2069
1087,2177105,1396
106,2177122,119644
708,2177144,8726
1114,2177166,1234
407,2177264,26231
565,2177327,14652
440,2177328,23625
413,2177329,25596
593,2177331,13286
504,2177332,17845
699,2177342,8976
423,2177379,25088
1113,2177523,1242
1213,2177554,781
633,2177595,11712
660,2177606,10621
116,2177696,106714
467,2177697,20924
584,2177698,13714
325,2177699,37414
377,2177721,29831
511,2177722,17702
444,2177723,23385
608,2177724,12856
1162,2177731,1000
248,2177754,50928
950,2177759,2874
484,2177766,19564
561,2177768,14895
533,2177769,16412
1337,2177770,300
846,2177802,4874
1244,2177807,643
461,2177858,21558
729,2177881,7858
542,2177914,15761
665,2178074,10503
395,2178075,27560
629,2178076,11788
616,2178077,12350
517,2178078,17229
336,2178079,35807
460,2178080,21563
470,2178081,20754
639,2178082,11549
390,2178083,28067
1511,2178122,26
853,2178123,4726
675,2178131,10057
353,2178140,32736
365,2178141,31042
232,2178148,54329
471,2178156,20593
1466,2178199,60
1155,2178200,1026
1051,2178202,1669
1377,2178203,197
1201,2178204,807
862,2178205,4500
878,2178206,4216
1116,2178451,1232
126,2178467,98812
609,2178475,12721
1447,2178560,84
801,2178569,5956
293,2178602,41463
328,2178638,37138
586,2178802,13651
338,2178808,35399
9,2178811,873552
1257,2178833,598
60,2178927,193163
197,2178951,67401
155,2178966,85454
158,2178972,83527
162,2178973,82559
53,2178984,206652
78,2178986,147347
43,2179006,251014
845,2179007,4882
235,2179017,53747
132,2179018,97489
1003,2179026,2049
175,2179027,75939
1186,2179029,875
1393,2179030,174
814,2179037,5678
1548,2179061,2
1117,2179095,1228
362,2179107,31734
82,2179108,143632
830,2179170,5252
1428,2179188,114
634,2179191,11712
1043,2179243,1734
177,2179275,74859
32,2179320,303527
755,2179322,7051
557,2179326,15010
1538,2179358,4
164,2179394,82137
731,2179399,7724
479,2179411,19846
524,2179412,16927
601,2179413,13073
373,2179414,30450
454,2179460,22215
577,2179488,14282
589,2179493,13565
480,2179516,19829
290,2179524,42075
99,2179552,124312
1296,2179612,416
1176,2179627,931
475,2179727,20172
923,2179728,3305
451,2179790,22546
411,2179791,26004
443,2179792,23471
598,2179793,13153
613,2179794,12518
474,2179795,20332
401,2179796,26767
1369,2179797,213
206,2179847,64171
1042,2179975,1745
31,2179988,320735
668,2179989,10299
366,2180087,31030
449,2180088,22901
508,2180089,17772
208,2180090,63692
509,2180091,17751
643,2180092,11346
582,2180093,14054
575,2180094,14373
495,2180095,18934
826,2180096,5320
976,2180125,2452
912,2180143,3481
1243,2180148,650
1442,2180152,92
1419,2180194,130
1520,2180201,16
133,2180297,97439
476,2180461,20132
688,2180532,9558
567,2180533,14586
554,2180534,15186
632,2180535,11720
455,2180536,22178
541,2180538,15793
525,2180539,16912
564,2180547,14690
612,2180548,12544
648,2180620,11119
908,2180626,3555
1297,2180638,416
405,2180651,26294
1276,2180662,515
752,2180825,7154
1004,2180923,2046
1022,2180955,1893
503,2180995,17882
215,2181025,59756
1299,2181026,413
528,2181032,16538
102,2181075,123413
1118,2181101,1216
412,2181104,25999
380,2181141,29318
430,2181199,24731
973,2181209,2553
54,2181217,204502
280,2181219,43300
156,2181298,84375
1521,2181338,16
1094,2181428,1373
1268,2181431,559
1128,2181476,1182
294,2181488,41236
840,2181523,5000
88,2181542,137425
899,2181647,3713
1030,2181669,1813
195,2181676,68342
258,2181688,49000
1233,2181694,681
1053,2181708,1636
656,2181744,10677
527,2181768,16588
1130,2181774,1181
205,2181789,64326
521,2181807,17074
387,2181809,28198
619,2181811,12182
426,2181818,24989
771,2181819,6709
317,2181824,38592
264,2181835,47323
33,2181837,299452
1165,2181847,986
1066,2181860,1526
943,2181865,3041
937,2181891,3087
744,2181941,7438
141,2181972,93798
383,2181974,28957
692,2182015,9350
1387,2182027,185
574,2182034,14394
421,2182060,25244
617,2182061,12343
779,2182062,6389
579,2182063,14175
342,2182064,34788
1067,2182065,1526
640,2182083,11438
221,2182121,57969
951,2182124,2842
559,2182125,14999
61,2182145,190993
1220,2182155,737
267,2182169,46603
996,2182227,2119
543,2182228,15744
947,2182237,2995
1452,2182242,76
214,2182246,60075
269,2182257,45443
778,2182260,6399
291,2182261,42066
85,2182267,138265
777,2182271,6417
174,2182274,75965
685,2182276,9601
1054,2182287,1622
1142,2182307,1112
1103,2182309,1303
273,2182326,43992
960,2182344,2732
566,2182356,14631
170,2182357,79429
282,2182386,42876
182,2182398,73046
198,2182610,67145
520,2182830,17171
435,2182836,24484
650,2182840,10942
1421,2182955,124
1002,2182957,2052
403,2183126,26395
903,2183181,3651
351,2183201,32982
571,2183227,14468
618,2183238,12309
1202,2183239,807
883,2183251,4137
339,2183254,35115
1371,2183273,210
427,2183281,24951
990,2183283,2300
1249,2183314,618
866,2183397,4438
1124,2183407,1190
1097,2183422,1365
1338,2183428,299
1251,2183448,610
1433,2183470,108
713,2183480,8429
873,2183481,4273
738,2183482,7515
84,2183483,141204
652,2183486,10868
787,2183490,6240
364,2183491,31247
186,2183545,71672
489,2183546,19299
941,2183599,3051
1029,2183601,1821
1320,2183605,345
1205,2183607,800
313,2183613,38753
1091,2183616,1379
1039,2183634,1769
312,2183635,38800
1408,2183638,154
647,2183639,11168
209,2183642,63586
1010,2183797,2001
1240,2183801,659
6,2183804,974580
914,2183840,3457
1140,2183845,1119
459,2183955,21595
1265,2183957,571
905,2183959,3634
715,2183970,8397
1395,2183998,172
268,2184011,45539
1017,2184021,1939
761,2184028,6891
1056,2184052,1602
933,2184056,3190
695,2184114,9052
236,2184117,53586
977,2184134,2450
409,2184141,26203
1052,2184150,1640
286,2184155,42564
1021,2184160,1905
341,2184165,34834
1264,2184168,572
599,2184171,13153
378,2184174,29668
833,2184178,5138
784,2184187,6316
1329,2184189,320
1360,2184193,247
204,2184201,64491
1102,2184203,1318
81,2184204,143722
1259,2184205,591
151,2184207,87648
1424,2184210,119
1012,2184213,1977
1096,2184215,1371
882,2184221,4162
498,2184223,18496
898,2184234,3714
372,2184237,30467
786,2184243,6262
1529,2184245,12
546,2184247,15555
560,2184250,14904
1255,2184251,604
414,2184255,25513
742,2184275,7459
1107,2184280,1276
888,2184285,4042
1193,2184286,839
368,2184287,30988
138,2184289,96457
820,2184295,5439
1487,2184316,44
767,2184321,6818
316,2184323,38644
67,2184324,171889
737,2184332,7525
1085,2184337,1423
1221,2184341,729
1187,2184342,874
86,2184343,137745
1541,2184350,2
1514,2184359,20
1500,2184368,34
974,2184373,2540
1050,2184375,1671
879,2184378,4214
895,2184386,3751
627,2184389,11898
1064,2184395,1535
1157,2184396,1019
1313,2184399,369
1139,2184401,1124
1198,2184411,814
835,2184419,5129
1084,2184423,1428
1080,2184427,1471
1197,2184431,817
1218,2184434,742
1331,2184435,319
1336,2184436,301
718,2184444,8328
1328,2184447,326
1208,2184448,792
1013,2184450,1954
1515,2184452,20
1410,2184458,151
1376,2184474,198
56,2184479,203288
984,2184485,2422
1523,2184496,14
793,2184498,6107
1229,2184503,696
1305,2184505,403
1298,2184517,416
1516,2184522,20
1302,2184523,409
1415,2184524,135
1271,2184526,527
1404,2184528,158
1443,2184532,90
447,2184535,23184
1252,2184551,608
832,2184553,5155
1413,2184557,144
1470,2184558,56
1350,2184559,268
816,2184568,5550
1477,2184572,52
425,2184583,25058
1278,2184799,507
1364,2184800,237
641,2184801,11419
1517,2184806,20
1398,2184811,164
1478,2184814,52
1488,2184847,44
1462,2184850,65
1436,2184852,104
1422,2184855,122
1427,2184864,116
1129,2184865,1182
1397,2184867,166
1386,2184874,186
1552,2184879,1
1553,2184895,1
1479,2184898,52
1248,2184908,622
1539,2184920,4
1396,2184926,168
1540,2184959,4
1287,2184995,466
1166,2185005,982
1286,2185008,468
1304,2185115,404
1281,2185169,499
