16,Stranfford,139,6,16498,331
58,lordtony,160,1,4414,533
156,x+wars,0,2,8545,409
164,Geronnt,10,49,122202,67
214,-JAG-,177,0,0,1924
250,rubenmas2001,132,1,1238,1046
515,tomaco007,132,1,1799,926
612,mi+flaca,11,1,925,1159
644,tirsu,9,0,0,1925
645,COPE,8,1,759,1218
760,Morpheo22,137,1,1502,981
786,kinraki,0,1,649,1264
813,STCG,10,9,24525,286
930,LARDILANDIA,69,1,1831,914
948,Anianga,162,6,30097,267
1031,SANT0,0,1,971,1142
1410,meixide,0,1,26,1749
1488,victormarra,139,9,31647,262
1659,Lagash,0,1,2284,799
1871,parris,120,11,12003,367
2197,Zeratulo,29,1,1021,1105
2426,estoy,171,1,4291,537
2434,bicktos,181,1,774,1215
2466,el+ultimo+mohicano,68,12,47186,214
2546,Cain513,0,1,1207,1055
2770,LYCOS,0,1,1628,960
2955,claudiah,0,1,110,1640
3257,imperio+matt,3,9,40124,233
3638,ejpajaro,0,1,1248,1041
3904,ferbarom,1,33,128194,64
4090,Sexta,0,1,26,1750
4675,Quaterback,0,1,30,1748
5206,Black+Rnag,0,1,834,1185
5515,Maldoror,0,1,3170,645
5802,Toni2007,0,1,753,1222
6445,GARGUENS,65,1,1151,1067
6593,Jato10,16,2,4594,524
7185,fabito94,16,1,3018,676
7365,qma2,0,1,385,1405
7672,sese,35,1,2783,716
8815,canusiro,0,0,0,1926
9312,stones,267,1,215,1542
10005,remolinos,0,1,3227,639
10174,Pol+Domain,0,0,0,1927
10357,xlordxnahuelx,260,2,3088,661
10553,wtfmate,26,1,1645,953
10764,skaiman,28,8,31653,264
10902,reynaldo,35,2,7133,441
10965,markit0x,35,1,302,1446
11565,AriOx,167,18,108506,87
11758,tomeu,200,3,3855,577
13583,Gaarakirian,70,6,19387,311
13667,Martinlapiedra,0,1,26,1751
14536,superpoyo,0,2,3918,570
15291,rocky,12,0,0,1928
15527,Klein,0,1,201,1562
15726,Lucifer.,179,1,791,1204
15878,cyborg,0,1,249,1492
16275,OjO+x+OjO,20,4,23635,292
19450,zarrabitria,120,9,32846,251
19715,elvio+lento,0,1,473,1357
20146,ELNOR,120,3,5721,483
20451,vakeri%C3%B1o,1,45,191604,36
20634,antonio1551,15,1,3195,644
22529,garbanzete,11,1,342,1426
23046,Darkma,20,12,66121,161
23632,Daishinkan,1,35,208297,28
24249,CRACKEN,273,2,1883,906
28243,bmwtdsws,20,32,211988,26
31459,Vakna,68,1,26,1752
31891,carem23,162,2,7667,427
35585,DarkUri,75,18,68068,154
38188,Piku,0,1,26,1753
41007,Strygwyr,111,1,1009,1124
49616,Vitrocer%C3%A1mica,0,1,147,1612
49682,enanoide,12,1,1540,974
51952,fantasmagoria,0,1,799,1195
56303,ladies,241,1,605,1299
58485,polloking,0,1,1714,939
64340,lucianoab1985,0,2,2787,715
70237,samtur,0,2,8166,417
75864,charlye,266,1,296,1453
77817,GoodAss,132,1,1941,894
80335,VARIEL81,20,7,52603,199
80656,PELIADA,0,1,26,1754
80863,ferruchini,139,6,15968,332
83966,ArHeim,241,2,7388,428
84184,Balsek,0,1,2224,802
87568,taisapu+54,212,1,241,1502
88807,antoniobegona,44,1,1009,1125
89324,Iulius,0,1,26,1755
91387,rutre,0,1,981,1133
96667,A.B.R.A.H.A.N,0,1,1383,1003
97846,ferfi%C3%B1o,0,1,429,1386
100797,chiquitita,0,1,208,1549
102641,jjoaa,3,10,12743,360
107796,ariel9874,0,1,26,1756
110010,malosa,0,1,759,1219
115321,daviddj,181,0,0,1929
118153,Qosmico,0,1,1544,972
119743,Myto,0,1,778,1211
123151,Vhanok,0,1,26,1757
128703,Starry,0,1,619,1286
129037,luanro,44,1,584,1306
141108,Fran99,10,30,160505,45
144527,paular,0,1,673,1245
149167,yaelito,0,1,26,1758
153739,pruqr,179,1,1414,994
156444,LOLACARTER,204,1,1344,1021
156480,tetitet,0,0,0,1930
157446,besicular,120,3,3844,582
182449,Mexico+3000,0,0,0,1931
183045,mo17,3,7,23089,297
183902,toro+sentado,0,0,0,1932
184307,estereo,0,0,0,1933
186634,amangua,9,1,1293,1030
190983,asda,0,1,315,1439
191715,atapuerca,0,0,0,1934
193545,MMansillaLF,176,1,3734,591
200555,nukimura,160,1,2085,827
201700,UNOKEVA+ANDANDOR,0,1,1341,1011
202091,Victorgm,125,1,1366,1005
202854,nuevito,35,2,4099,557
203514,foncho,133,1,994,1128
215587,lobyyto,26,1,1145,1069
216871,nica97,0,2,1538,977
217192,tunivalee,10,12,67996,155
219202,tuma22,77,1,3220,640
219369,bernabeu,75,73,247327,13
222512,Matapoco,0,1,1092,1082
222751,davidx,167,41,229892,20
225760,sergioI,0,1,326,1434
227730,aguilar09,0,1,152,1609
231570,skalkh,20,12,49618,208
234134,luis+fuerza,0,1,62,1690
238040,sari%C3%B1ena,0,1,807,1193
240304,Wadasa,1,25,88063,112
247494,Sekram,16,1,1344,1010
252330,coe81,0,1,265,1480
253061,alejansro,0,1,318,1435
254189,germy.c,19,23,153236,51
254547,Ryuk92,0,1,650,1263
256280,MENN0SH,0,1,1570,966
258443,Etosamot,0,1,4082,559
262910,ovidio+de+roma,171,1,2396,786
265281,Marques+de+Riscal,0,0,0,1935
265478,gurras+riviales,0,1,50,1707
266664,bramdalar,9,1,26,1759
266826,Jorgecsv,0,1,5162,499
267500,perezoso2009,0,1,1586,962
267903,kikedecay,24,1,462,1365
273641,lurio,0,1,161,1604
276237,fernando01,0,1,181,1583
277740,Dappuk,0,1,26,1760
278359,MARTIN+KING,75,31,147620,54
285536,Lady+Rowena,16,1,775,1214
286637,barbarisimo,20,14,66527,160
287776,kuribo1976,111,6,20677,303
292351,cipinho,200,3,6603,454
294623,Ka%C3%ADn,0,1,2601,745
295493,alexo,0,1,414,1393
301195,litus13,250,1,3387,621
301920,nostromo,167,23,100789,95
302869,getafuen,1,9,57043,189
304119,la+ca%C3%B1a,0,1,1921,893
311234,ARKANTOS+2009,1,29,121945,68
311533,mikelker,215,1,227,1527
317909,Guillermo7,0,1,1644,954
319658,RINDAS,69,1,1578,975
320258,abderafi,0,1,26,1761
321281,rulas007,0,2,5621,484
331657,altrall,15,2,6477,457
349480,scout77,204,1,2097,822
362199,rabagalan73,22,1,869,1174
371560,Exter+Exposito,0,1,26,1762
372729,YAMAYA,0,0,0,1936
380208,temito,0,4,9339,401
380925,Julius16,0,1,1916,895
384682,yoni-,0,1,84,1661
387600,El+Simio,35,1,572,1310
391222,ArtkingNew09,0,1,1246,1043
402246,rupite,111,1,2231,817
403419,TITAN+MASTER,20,8,37942,243
409584,nebur+3,0,1,185,1578
409970,El-pillo,0,1,26,1763
412476,kikomane,204,1,3282,632
414455,THE-HERO,111,1,821,1190
419858,ChristianSebas,0,1,782,1209
425237,tetobleach,0,1,81,1668
429933,elgranangelete,0,1,624,1281
432074,juanito20,139,2,12869,357
433392,verijames,120,1,2360,782
433818,chocolatoso,15,1,1457,988
435027,tigreII,105,1,2921,693
438714,Rauli%C3%B1o+14,0,0,0,1937
442134,bkn10,0,1,106,1643
443635,ceporrero,0,1,1320,1022
460649,angelo4435,62,1,856,1177
474925,the.taz,111,5,13924,345
480392,Maga+la+maga,139,2,8452,410
486017,AJZARI,0,0,0,1938
486339,Spaid,19,30,84733,120
488498,chalinillo,0,0,0,1939
492721,menwer,0,1,26,1764
493707,guije%C3%B1o,0,1,309,1441
504602,guidolo200,0,1,482,1353
507321,El+monje,9,1,1590,961
531777,tumarguce,65,1,239,1503
537507,isidrox,203,20,51212,203
542783,sojan1,19,10,48945,211
546791,Senetiner,0,1,920,1157
550454,WARBLUE,10,9,32000,258
554232,a.d.n,171,1,2357,784
554260,club+tigre,28,6,23777,290
555656,NEGRO35,79,2,5942,479
561343,IVAN+EL+BRAVO,0,0,0,1940
562305,peleador+54,2,1,3068,665
570723,ALFPOLIS,0,1,817,1191
572281,TL+Leo,1,10,70015,148
572504,sir+elidan+dj,237,2,744,1226
572794,Tensibio,0,1,3372,624
576592,marcosmir,0,1,26,1765
577826,AlVaro+IX,69,4,5479,486
585014,El+Negro+Zumbon,0,1,1676,963
590756,ANGELKAPO14,35,1,1392,1002
608533,killson,250,1,1107,1080
635280,SADA.SUR,237,1,947,1152
637516,perro69,0,1,714,1235
656147,paramo2,150,0,0,1941
656164,santiagoalarcon,29,1,1756,931
663520,satania64,0,1,622,1282
663586,Furtivo1995,111,1,888,1166
666419,elbonekud,111,2,10622,387
669607,revoltosa,29,1,202,1570
684733,pedo+el+grande,10,16,61858,175
685863,medievolo,160,1,2462,772
689953,ga%C3%B1anes,0,1,130,1620
697480,EL+CABALLERO+FENIX,0,0,0,1942
709099,GZUCK,0,1,2067,829
719468,sakataka,179,1,3047,672
741002,didac7,3,16,84332,121
741933,NicoV,0,1,208,1550
743605,siarez,2,1,3273,633
747111,zeus03,0,1,399,1400
748151,hectorleo,2,1,666,1250
764261,Castrator,0,1,410,1394
769012,lokdavid,28,3,19165,313
769552,TOMAJAUSS,0,1,731,1228
770420,escorpion61,11,1,1715,937
772163,mariablancuzca,171,1,643,1267
776487,traj,68,2,2670,740
779531,agust+el+grande,250,1,1248,1042
781658,jjert,9,1,26,1766
783798,TheMarine,79,1,664,1253
784340,Wiking,167,20,89270,108
786529,serrajserra,35,3,3806,581
789512,Ciro+el+Grande,3,8,40624,231
795080,portugiese,0,0,0,1943
800543,ignacio33,167,9,54198,194
804111,Poni+is+back,20,10,58172,185
812287,IVAN+EL+TERRIBLE+PRIMERO,41,1,2924,691
817959,LEGULEYO,277,8,25766,281
819429,Miles,0,1,1912,902
820845,bori432,0,1,3081,662
821730,JAJAEF,0,1,2022,843
828995,juan-mi,0,1,562,1317
835134,nickcapov,10,26,134394,61
843253,VALEZKA,0,0,0,1944
845612,Juda+Ben+Hur,69,1,6621,451
848882,castardo,0,1,71,1677
860318,dgvv,15,7,20484,304
862424,Black+Buc,154,6,26300,279
862456,Dasteo,20,22,118691,74
865857,azrael-k,10,16,64752,165
866900,alexran,94,7,14598,341
869648,raptormataz,0,1,1339,1012
869736,sjjsjs,0,1,133,1619
875478,nznznz,0,1,3129,653
878285,The+Shadow+Lord,0,0,0,1945
883040,villacis21,0,0,0,1946
888810,-L+A+L+O+N+G+A+N+I+Z+A-,1,47,215994,22
891173,CaPiTaN+ClOw,3,15,87087,115
902339,Huerque,171,1,177,1588
907588,parkerlew,167,7,29531,273
908754,EL+URBANO,79,0,0,1947
911726,Nabucodonosor17,2,2,3340,626
912249,nil-fr,278,4,12603,359
912352,GuerreroPlata,167,16,112042,85
912799,condeplebeyo,0,1,1011,1123
913250,Maleth,15,2,7951,419
925391,tipito24,75,16,74381,146
926570,Dfiru,20,9,47632,213
933357,d3byan,9,1,26,1767
934653,-Xiki-,1,98,450004,4
938300,boyka2010,0,1,1936,891
944051,Toxic,251,1,1359,1007
945125,QE+ONDA,111,4,18595,318
945659,canko0,200,1,957,1148
946962,luichis,76,0,0,1948
947682,ivan4444,0,0,0,1949
949693,jeiskill,179,1,1733,934
951401,novatius,221,1,3721,593
952827,merak13,260,1,767,1217
953649,...Napo...,0,1,434,1380
962319,GaSecco,0,1,26,1768
965211,Cabe-22,0,1,773,1216
967045,APU+BADULAQUE,35,3,1828,915
970286,-Naruto-,12,1,988,1130
978034,Sven+el+Protector,111,1,3511,610
985782,pijacorta,0,0,0,1950
986252,dieguinloko,0,1,292,1458
987383,nicolasedu76,15,4,11264,375
987723,peruanisi,105,1,256,1496
991519,josemis69,0,1,1554,969
992825,las+dalias,10,15,81806,126
997469,Monhoy,79,1,2938,686
999986,qqwwee,16,2,6369,465
1006563,Legion+Sur,0,0,0,1951
1007629,SENTO2,139,2,6461,460
1013969,Lwliet,0,1,26,1769
1019205,hercules+5,200,1,636,1274
1020508,Licino+I,0,1,260,1484
1021247,afortunado,28,2,514,1337
1022426,EL+GENERAL+DE+DIV.,11,1,300,1448
1024499,barryl,111,10,29718,272
1026049,raamses,0,1,26,1770
1028035,CHEVY+LUCAS,0,1,363,1417
1036162,MOJAVE,10,7,31789,261
1036840,Andreu123,0,1,135,1617
1037239,totoneta,0,1,2353,785
1041417,Mojito,1,16,30066,269
1042189,Lkira-Zero,226,1,1138,1070
1042347,Pepe21,0,1,224,1528
1043263,apirm,0,1,26,1771
1043323,Fenix000,0,0,0,1952
1043943,ACEMLA,200,1,2337,789
1047744,reydelplaneta,0,0,0,1953
1051979,peve,105,1,3244,635
1052135,desperteferro,270,1,341,1427
1066559,neoragex,0,1,246,1497
1073867,GanjaMan4,0,1,601,1300
1075536,MoChonk,167,20,71578,147
1078293,PRAETOR+GUGUITO,15,1,1299,1027
1084230,culata,0,1,1760,930
1085503,riquita,0,1,205,1555
1091882,ina21,167,7,9125,405
1096810,Magnetom,132,1,2395,777
1097072,milrayita,9,0,0,1954
1097438,Sensy+Seed,0,1,1692,943
1105744,mrzonyy,0,1,293,1456
1108466,LEONARDO1175,0,1,1328,1017
1111150,helices,0,1,44,1724
1124356,Rikuasesino,75,18,110674,86
1126755,caballeronegro2000,179,1,2706,729
1130513,JOSPI,120,0,0,1955
1137765,isis+calandre,11,2,4619,523
1137797,exclama,120,3,12454,361
1139497,alloza14,0,1,2264,800
1148395,ortegadies,3,9,38717,238
1156608,TUNDHER.ICE,0,1,686,1240
1156788,peluqueros,75,12,61070,176
1166358,Johnattan94,19,10,32631,253
1169034,Vanquished,1,16,101413,94
1173630,il+capii,3,10,62554,173
1173977,Shang+Tsung,0,3,4845,513
1174348,guilfrey,10,15,87588,114
1182358,forlando,0,1,434,1381
1184145,jose553,204,6,4881,508
1186212,Rey+Robe,28,5,22451,298
1187462,comando+j,0,4,2118,818
1203157,JAM+037,0,1,50,1708
1216380,zecarlo,11,1,1383,1004
1224118,wuars1995,200,3,4792,516
1231327,Vientosur,260,1,488,1350
1233516,movilla69,20,20,99858,96
1233703,franxox,0,0,0,1956
1238619,maxbanyoles,0,1,26,1772
1247466,-Elgrand-,28,18,82330,125
1248571,dr+chila,120,2,6852,444
1259861,Teyla,139,7,17861,321
1262171,AURANA,35,1,855,1179
1262288,uke8,181,1,799,1196
1267847,pepeca,111,1,235,1504
1271321,luistxiki,1,32,203810,30
1278668,elrayden,0,1,82,1665
1294772,.Yuen+Hsiao.,176,0,0,1957
1294992,laracha,0,1,96,1651
1299883,maderig,0,1,562,1318
1301199,snaiper18,0,3,10941,381
1315027,djcipi,0,1,82,1666
1316596,caballero+guerrillero,241,1,294,1455
1317137,raper96,75,27,120170,72
1319129,marcelovarela,41,1,1302,1025
1320170,BSR+Chemamecha,1,13,113213,82
1321682,darkmatius,0,0,0,1958
1323047,ilyas,0,2,3656,597
1325175,Sir.+Juanjo,65,1,3089,660
1326344,Asanbas,29,5,7310,430
1327372,Markryztos,0,6,5534,485
1329046,curro88,0,1,797,1197
1338801,tole+sped,132,1,202,1559
1342035,Beogulf,1,111,427923,5
1344475,xina+1,20,24,112908,83
1344786,munu95,1,59,200871,34
1348773,Perikoloso,171,7,16249,330
1348925,derlis91,200,1,291,1459
1350126,RIKARDXXI,274,1,86,1658
1363055,j.paredes,0,0,0,1959
1363205,%2AMarlboro%2A,0,1,1027,1103
1366417,llovet,0,1,26,1773
1369420,PrinceNoob,0,1,26,1774
1369805,jjbc,0,1,523,1335
1370083,Pueblos+de+barbaros,162,1,26,1775
1377251,Papiniano,0,1,201,1563
1379818,Eten,224,0,0,1960
1382360,rey+crakuort,0,1,883,1176
1385426,metal+mania,229,1,2318,792
1390210,Thibaut+Courtois,20,36,197688,35
1393257,aaglaee,50,1,1280,1033
1396464,alejandroleic,0,1,26,1776
1398254,cristal1020,237,1,672,1256
1403742,ANATOMIC,0,0,0,1961
1403781,tazII,111,4,11078,378
1405084,MawaNz,171,3,11675,370
1406307,bandierita,3,10,53116,196
1416762,jesus445,0,0,0,1962
1419343,Serhenna,2,1,2854,703
1419758,Verdejo87,0,1,2435,770
1420391,xd-1,251,2,7233,434
1420798,junpii,0,1,26,1777
1423677,CASTONIKITA,224,1,2047,833
1427030,thiron,9,1,3230,638
1433177,el+tigre+de+malasia,193,1,1827,916
1434418,Viking-Tyr,65,1,1818,919
1437428,Sermorya,160,0,0,1963
1440028,bolso1990,0,1,1457,989
1449109,alexcorp,0,1,223,1529
1451906,Maese+Zippo,0,1,2795,712
1453511,urre,35,2,4244,542
1459338,seragus,272,11,41750,229
1466469,flomar,0,1,550,1325
1469003,Epson+Fly,171,1,2803,710
1469587,satan-as,0,1,3115,656
1470110,OPer,11,6,13116,355
1471280,gallego1968,167,14,60041,179
1472448,VICTORIO2011,139,4,16651,328
1473731,ericrm10,241,1,423,1390
1475038,Fedaikin,0,1,63,1688
1476089,lykorz,241,1,621,1284
1476356,AUSENTE33,195,1,285,1463
1479932,Sir+Franji,16,1,567,1313
1483240,infernal2,251,1,2435,771
1485545,adrikukivk,69,1,1119,1079
1485683,Thanoz,69,5,7007,442
1498879,aitor1122,0,1,3753,589
1498913,Kenin157,0,1,112,1637
1501353,JoseJuang,79,1,1033,1102
1506785,Zure14,0,1,128,1622
1510598,XaIRoW,181,3,4592,525
1513823,Keeta+Aungsuwan,132,1,221,1533
1515545,GoD97,75,12,66504,159
1516486,andersen91,0,1,3045,673
1519293,betico03,35,5,10962,382
1522246,JACL+EL+GRANDE,0,0,0,1964
1523225,vithautas,204,1,791,1205
1535952,lithox777,3,13,76710,141
1543507,TaTaMartino,10,15,49598,207
1545062,JAUMEM,3,11,58916,183
1546340,TuSSi+PoTe,1,43,152237,52
1548649,Chalaito,0,2,4901,507
1549959,SyaoranLee,139,4,18045,320
1550162,rolo+parse,29,1,2999,679
1551180,Chekejode,35,1,4772,517
1552275,zairo,0,1,2464,765
1552780,narlord,237,1,5236,496
1553074,Doramax,120,1,6730,446
1553266,NZRU,120,2,3209,643
1555525,mackrodro,0,1,445,1375
1556649,Blankito665,10,28,134311,62
1563523,sergioportero,0,1,1805,924
1563960,fermin,0,1,4245,541
1564217,prohardstyle,0,1,5143,500
1564223,juansantos2,41,0,0,1965
1564945,SHAK,111,1,7151,437
1566017,pituca,0,1,367,1414
1566793,Finland,237,1,2024,842
1568957,Deadmouse,41,1,228,1518
1571842,Nietzs,20,28,157363,48
1573465,Tiberio,94,1,957,1149
1573548,JuegoSolo,0,1,26,1778
1577013,ruracks,0,1,429,1387
1577430,Boss+MORIBUNDO,0,1,1685,946
1577451,Damn,20,31,144729,56
1578846,sam978,250,1,4437,532
1579889,Hamazazpi,194,3,8203,416
1580481,calceta7,167,16,139852,58
1581345,CalleJero,0,1,26,1779
1586763,CmPaX,19,30,155220,49
1587053,xinojua,1,46,222035,21
1589382,MEIAN01,0,1,48,1714
1592344,DarkLegend,0,1,1552,970
1592933,stick,181,0,0,1966
1593827,manuel-wal,0,1,248,1495
1594692,Jandry4,19,9,41629,228
1595726,-xyc,1,27,114912,80
1597818,desde+mi+cielo,107,1,794,1200
1598893,Caezare2273,19,19,88152,111
1600033,febrama,111,3,8302,414
1603303,Elbaronil,253,0,0,1967
1606397,Tutanchamun,0,1,2034,837
1608799,yave39,167,15,58635,184
1609139,policcio,10,8,37453,245
1610816,marcus,70,5,24165,287
1611365,trollero22,219,1,198,1569
1611699,C1D+CAMP3ADOR.,9,1,3935,568
1613388,sLoVeXx,20,10,59718,180
1613919,cesjis,0,1,215,1543
1614541,ying,0,1,2748,724
1615111,ordo%C3%B1oII,120,4,13537,351
1617970,bmvc,10,12,55623,192
1619606,OLGUEITOR,59,1,266,1479
1627158,MoaBDiV,70,6,21043,300
1627610,timberleik,0,1,26,1780
1628375,pankistan,0,1,2153,813
1629938,patosov,0,1,572,1311
1629978,Huepjr,167,11,45575,218
1630663,lucesita,9,1,3272,634
1635695,jubebur,0,1,283,1466
1638135,iker+sillas,0,1,369,1411
1638669,buko,9,0,0,1968
1642395,Shakymatrix,0,1,909,1160
1643481,jesusiyo3333,0,1,26,1781
1645211,luzbelito69,0,1,1948,887
1646529,Dragonblack,16,1,4249,539
1646803,eneko32,137,0,0,1969
1646936,resurrecion,0,1,218,1538
1650928,nosoynoob70,77,1,2445,767
1651308,-T+E+M+P+L+A+R-,1,34,158505,47
1652831,matimir,0,2,2637,743
1657363,monicafari%C3%B1a,10,22,79784,133
1657441,Von+Schweetz,0,0,0,1970
1659003,BadilloPillo,41,1,3072,663
1663439,Owen26,175,1,270,1473
1665557,berci,41,0,0,1971
1666646,andykiller,167,16,75819,144
1667957,Conde+de+Veri,204,3,6361,468
1667968,-N-E-W-,0,1,2924,692
1671571,albertoelcanario,0,0,0,1972
1672154,flint,0,1,3137,651
1673222,INQUISICION,177,1,579,1308
1674937,catalufo,139,6,15683,334
1675671,mileurista,241,1,330,1436
1677446,Devil+Jim,111,1,556,1322
1678679,Thanks.es,1,51,205598,29
1682674,La.Mota,75,31,120402,69
1682871,emavelez,269,1,190,1574
1683698,Roig.17,3,8,39036,237
1684263,los+rios.,10,11,65725,162
1685021,Rey+barbaroja,241,1,2550,754
1688375,NEDRUN,79,2,4014,566
1689646,Aegorn,0,1,83,1663
1691091,medyna14,0,1,428,1388
1691132,Alvhia,111,5,9734,395
1696634,Black+lady,278,5,18683,316
1697363,Nonamed,216,1,481,1354
1697624,RAGNAR.,0,1,509,1339
1699710,Julio.Ceesar,176,0,0,1973
1700496,Akka,68,0,0,1974
1700613,Luna13,0,1,384,1406
1702006,Sombrero+de+paja,171,1,189,1575
1702291,Granjero1,120,4,20873,301
1702675,CONDOR+DE+LOS+ANDES,0,1,281,1468
1703257,%2ACHILENO%2A,69,1,2317,793
1706235,Alejandro20,0,1,630,1279
1707975,MorCloud,154,1,2202,805
1714244,masacre100,19,20,112795,84
1715942,Srbaluarte,0,1,4264,538
1715991,andReea92,167,12,57951,186
1716245,Golen3,3,15,69972,149
1721648,NESSST,0,1,783,1208
1721928,focs,250,3,4878,509
1723176,LITANIRIVER,162,2,6049,474
1724068,MasterShiff,0,1,578,1316
1726840,Cthulhu,0,1,315,1440
1729262,Gadidc,73,1,986,1131
1731090,guelflendo,0,1,2869,698
1731373,gru4.,1,63,309217,8
1733672,vuelcaollas60,0,1,300,1449
1734443,nicko917,10,13,89919,107
1734482,tevoPunk,0,1,64,1686
1736828,traspie,20,18,80912,129
1740644,bucefalo101,0,0,0,1975
1740954,Znna,277,5,9279,403
1743028,jbd%40s,69,2,6682,448
1745999,-+S+P+A+R+T+A+N+-,1,49,241999,15
1747072,Eg0CeNtRiK0.,19,13,63614,169
1747712,-+L+O+B+I+T+O+-,1,36,124037,66
1748648,Se%C3%B1ora+BarbY,9,1,570,1312
1749444,pistachos,0,1,26,1782
1749963,JOAOpereira,0,1,830,1187
1751869,pablushca,0,1,97,1649
1752476,Raf110,1,15,62941,171
1756097,sir+cabrito,160,1,1503,980
1762371,A+COP,9,1,26,1783
1762817,jamap,9,0,0,1976
1766082,Quality+the+Sax,0,1,3132,652
1766388,Xaniro,20,12,38050,241
1772681,ilyasova,2,4,28313,275
1773131,Javivi666,2,1,2640,742
1777202,speero+as,269,1,777,1212
1783178,SplitZz,203,36,98449,97
1783692,sarius,1,27,147106,53
1784555,SAYKO,20,24,120051,70
1786565,super+javi,0,1,26,1784
1786798,kamka,3,15,105285,91
1791783,Muse,137,1,469,1360
1793379,MatyCash,20,15,62343,174
1796126,Jaimerm,0,0,0,1977
1796437,Sr.Farmer,10,20,90460,105
1806199,Telapelas,0,1,1548,971
1806454,nicopirata,167,11,76566,142
1810435,xxx+odin+xxx,1,47,215187,23
1810477,Helaric,0,1,26,1785
1814340,Naiara,75,11,53189,197
1815147,lord+verox,65,1,336,1430
1816744,ReyKranger,0,1,26,1786
1819308,NEFERTITI,162,1,3150,650
1819409,maestro.c4,0,1,469,1361
1820634,.SrPablo.,111,1,648,1265
1820940,eltitoraul,20,12,77237,139
1820949,Pestoso,3,19,80849,130
1821118,asterix,29,4,7151,438
1822996,laiallorens,0,1,1333,1014
1823534,aphanius,2,1,1867,907
1824034,Mobotombo,0,1,26,1787
1825930,Gale,3,10,65664,163
1826108,Reina+Flod,0,1,253,1488
1826519,turcos,111,1,1238,1047
1827900,Marley,0,1,286,1462
1833730,tony+montanaa,1,62,272873,9
1836199,ivomax333,78,3,11920,365
1836919,spectre6,0,1,698,1238
1837837,Laura123,0,1,115,1635
1839095,lATILAl,0,1,493,1347
1843102,Artanis,9,0,0,1978
1844986,Triston+Monkey,9,1,2773,718
1845090,Elorrixo,20,10,40534,232
1847667,-Uchiha+Itachi-,15,2,6101,471
1847699,angelito21,105,1,201,1564
1851914,gallipoli,16,1,601,1301
1857509,alba1,0,1,950,1150
1858260,ACTV.1,239,5,20023,307
1859373,Cipri,0,1,26,1788
1860047,bala3D,62,1,445,1376
1863997,Chinin,20,15,79692,134
1865755,El+abuelaso+de+Leo,65,1,1191,1058
1867004,-MarcStroy-,111,1,1253,1049
1867084,miguepeska,0,1,125,1624
1875804,Rekhz,75,7,39079,236
1878083,PAYENAII,160,2,1260,1038
1879611,Desquizio,204,3,6354,467
1885328,invitado77,19,5,44314,222
1887375,LA+CUEVA+DEL+OSO,139,5,12882,356
1889044,The+Clash,0,1,26,1789
1889098,tony+montanaaaa,1,15,87886,113
1890471,galiux,0,1,2162,810
1891510,Angel+Food,171,1,1848,918
1894074,Gran+TX,111,7,23756,295
1894143,ElGamerJoaco,0,1,6364,466
1894149,templario76,9,0,0,1979
1894432,aguila22,69,3,1573,965
1895629,TuLiYa,0,1,207,1552
1897732,narrow,0,1,205,1556
1897998,Lord+Kym,0,1,395,1401
1898371,.BudoKai.,167,43,336498,6
1903256,Creu+Jr,0,1,1486,982
1903967,Rafax06,0,1,2303,796
1905015,damian1122,3,27,135994,60
1907385,xPooks,3,8,45968,216
1909540,Dreykio,205,1,1857,910
1910557,MMaza,11,1,4456,531
1911553,Overground,0,2,1282,1032
1912482,PeppyXenophillia,75,16,79516,135
1912664,Psycho+White.,41,1,250,1490
1915106,StormBreaker,28,0,0,1980
1917716,Lupetudo,200,2,4051,562
1919083,checho,260,1,366,1416
1921681,kitiansu88,0,0,0,1981
1921999,Dracarys,0,0,0,1982
1922194,examiga,241,3,3633,600
1922589,November+Rain,0,5,13539,350
1929924,Mckay,0,1,463,1364
1933392,edgar2793,0,1,26,1790
1933963,LEMO,0,1,496,1345
1934829,El+Engendro,120,3,3044,674
1935343,wizar,29,1,3504,611
1935738,Salami69,3,9,32047,259
1937293,Romax,160,1,26,1791
1938146,jprados4,0,0,0,1983
1938559,iKniTes,176,1,1945,889
1939848,DaenerysThargarien,0,1,3052,671
1941136,Murcatto,139,9,32563,254
1943414,yannette,0,1,446,1374
1943417,stuard,8,0,0,1984
1945137,Kolumna,20,25,64800,164
1945722,porqueno84,265,1,1958,884
1946447,LinkinRichi,19,16,50973,204
1946933,Se%C3%B1or+DONOVAN,69,3,6863,443
1947487,-Miky+Woodz-,1,31,90484,106
1947566,fetuxini14,167,7,30397,266
1948158,REY+GANDAR,0,1,1429,993
1949840,BARMY,2,1,2156,811
1951415,rapanui,0,0,0,1985
1951509,tony+montaanaa,0,1,26,1792
1951772,Arnasa,10,12,52952,198
1952754,efil,0,1,2485,762
1954165,Hashirama82,0,1,59,1693
1955107,merlin9,171,1,2388,778
1958874,Oxygen,167,38,235599,17
1960055,rubenhg,0,1,41,1730
1961278,cucalascano,167,29,212324,25
1961435,alvaritu,0,5,14901,339
1961501,Torres+18,0,1,633,1277
1961693,can40,11,1,1687,945
1963398,peix,10,13,75237,145
1964159,NULL,0,2,4878,510
1964855,Se%C3%B1or+malarqui,0,1,345,1423
1966769,EdEr7,0,1,165,1600
1966979,FRANCHU66,15,4,6190,470
1967572,xANUBISx,111,1,2358,783
1969944,TocToc,0,0,0,1986
1970463,anuki,0,1,3796,584
1970708,Sorelina,0,1,254,1486
1971615,olxxlo,0,1,1984,867
1978213,Tu+Recuerdo.,0,0,0,1987
1979816,jockey,167,12,57631,187
1979860,Se%C3%B1or+tutin,9,0,0,1988
1980085,Trundle,9,1,118,1630
1980096,Rey+Elm+street,20,23,83281,122
1982781,Arte+Callejero,208,1,2113,820
1983197,Billy+el+ni%C3%B1o,10,13,68007,156
1983645,El+Lobo+De+Wall+Street,0,1,26,1793
1985704,BARMONSTER,139,4,10327,389
1986226,FRAN+de+los+bloques,28,1,1302,1026
1989410,Gileard,0,1,797,1198
1989499,DMVN,20,30,140549,57
1989749,Inmemoriable,0,3,7779,421
1992450,Mvdp,68,1,103,1645
1993222,Amuchalipsis,10,17,107486,88
1993578,AguasNegras,10,5,21922,299
1993782,Pedroo99,0,1,417,1391
1994337,Lucas+the+duck,94,6,14062,344
1994814,Ned+Flanders,19,25,185928,39
1994940,Kolomodro91,0,1,2870,697
1996022,kocas27,0,1,26,1794
1997833,TERRORMALDITO,139,4,13680,349
1998385,josuecc,200,2,7335,429
1998599,-.Kenny+McCormick.-,41,1,1111,1078
1999464,pedrizas,0,2,2465,764
2002070,Landstom,0,1,970,1144
2002238,KIO.KAPODIPELS,75,19,81023,128
2002702,davitico9,0,0,0,1989
2003676,ARTE+KALLEJERO+18,208,1,3165,647
2004903,estallos,0,1,26,1795
2005788,Adiace,28,12,45651,217
2006269,gregoriomar,160,1,1509,979
2007265,Palosae,181,1,1039,1101
2008932,lykan,0,1,2371,780
2009293,Willyfighter,139,6,32064,257
2009697,aranchacelia,113,2,6415,463
2011248,FIRULAIS105,50,1,2034,838
2011973,Naoj98-,0,1,26,1796
2013229,pulli,94,0,0,1990
2014236,joker666,167,17,107374,89
2015907,hayhayhay,29,1,5755,481
2017180,.zeroshero.,0,1,112,1638
2017181,zerohero,0,1,26,1797
2017869,Pinkky,0,0,0,1991
2018016,GABO101017,111,1,2167,809
2018546,oldman,171,1,207,1566
2018579,bertin95,0,1,673,1246
2018684,Andaley,41,1,407,1395
2021767,Pitufo+Hacker,1,54,238034,16
2023202,Heidy,167,29,190413,37
2024660,TeamHS,0,1,85,1660
2025035,cocodrilo,26,1,1887,905
2025474,Yeiico360,0,1,26,1798
2025513,empiezodecero,0,1,199,1568
2025956,Jahr,10,28,118204,76
2026008,foxluis,62,1,864,1175
2027527,Edward+Newgate,1,30,180363,40
2028057,Tibalt,3,37,160469,44
2029149,CBDexter,0,1,407,1396
2030151,Se%C3%B1orLuisHdez,11,1,417,1392
2030670,AD+YT,0,1,26,1799
2031095,SmithB,28,10,32190,256
2032066,RenacerHica,10,33,161134,43
2034229,sotillano,0,1,1478,987
2035591,matalobos,200,1,1067,1122
2036411,pukas,0,1,1836,913
2036604,Holy,0,1,26,1800
2038416,Marmax,69,5,17523,324
2038837,lordalvaro76,0,1,232,1516
2040619,baruel,0,1,26,1801
2041304,Faustos+Deal,241,1,280,1470
2042086,AdReNaLiNe,0,1,26,1802
2042685,XxaaronxX,0,1,26,1803
2044485,Trara,77,1,2592,747
2044850,Heda07,0,1,728,1230
2045489,Mr+Nobody,0,0,0,1992
2045759,Akela,176,2,12229,362
2046950,AlexEagle16,0,1,173,1596
2047436,SurpriseFk,0,1,3771,587
2048141,legendaryEsp,0,1,441,1377
2048251,Srta+Darky,1,4,10756,385
2048893,COSOC,79,2,5433,489
2049063,VENUM-95,167,9,26560,278
2050175,Karim+10,224,1,1695,941
2051496,ClashRoyapan,75,4,11743,369
2051644,TEIDE,0,1,179,1584
2054038,Legolas07,171,1,1411,996
2054225,KuentinJr,75,11,56788,190
2054307,aSSaSSinSS,0,1,26,1804
2054684,Juanjo63,0,1,876,1172
2054725,Alricaus,0,1,135,1618
2054744,andy2000,244,0,0,1993
2055242,Aaron008,132,1,1715,938
2055435,neos666,0,1,223,1530
2055445,Lobo-alpino,181,0,0,1994
2055623,Espartacus,204,1,2506,758
2055885,Dornroschen,0,0,0,1995
2055973,mike22,35,1,785,1206
2056203,JOSH,0,1,26,1805
2056370,Ravothriller,0,0,0,1996
2056849,Barbalitros,0,1,907,1162
2057638,graagoon,167,38,208287,31
2057827,Boticu,2,3,10114,394
2058154,SantinoBabe,0,1,42,1729
2058491,Santinoruggia,41,1,1411,997
2058565,Buiyo1996,181,2,4031,564
2058645,oier1921,0,1,174,1594
2058795,Balmix,75,25,88739,110
2059008,m.portugal,2,1,3324,628
2059063,Reina+Walkyria,20,14,69672,150
2059472,Bonete,171,1,6059,473
2059664,paulinho,0,1,26,1806
2060287,Srto+ibann33,75,12,93826,100
2060580,ocioso,35,1,3568,603
2061432,Lele+SF,0,1,63,1689
2062192,Grafo,20,17,93679,99
2062753,marmar65,16,1,748,1224
2063206,ignacio17,0,1,611,1297
2063906,Rinoceronte,0,1,4137,554
2064524,Se%C3%B1or+Espartaco,204,1,2223,803
2064710,Nacotlan,0,1,459,1367
2064866,Minzdrav,19,11,85004,119
2065395,pepelamete,3,1,2969,681
2065966,loidi,0,0,0,1997
2066652,rimpac,0,1,471,1358
2067012,Demoni,75,47,210428,27
2069901,Rey+Maurikinger,0,1,1178,1063
2070095,Darcking,0,9,32888,252
2070129,Rey+oliver,230,1,1604,959
2070184,BlueMoon,0,1,177,1589
2070356,jositoatm,0,1,6648,450
2070424,rubiales555,0,1,26,1807
2070726,pepenando,0,1,26,1808
2070871,jeea,0,0,0,1998
2071214,solovisa,75,16,49019,209
2071342,tARANTULO,73,1,819,1192
2072440,GaFeBi,0,1,66,1684
2072629,Rimas,153,1,1580,964
2072660,BeBeni,0,1,1106,1081
2072840,TheElric,94,0,0,1999
2073217,m0bscene,22,1,559,1319
2073585,jorpo9999,15,3,10317,390
2073946,Aspirina,111,12,24978,284
2074335,cct.3773,0,1,966,1146
2075801,Aries153,111,1,2426,773
2076052,Thor19,0,1,544,1330
2076485,Molecula,19,13,42498,226
2076908,bocetinha,0,1,26,1809
2077042,leamsi,0,1,2888,701
2077196,gemelo09,0,1,66,1685
2077224,BOTS+Y+SCRIPT+ILEGALES,0,1,26,1810
2077500,wakamayo,24,0,0,2000
2077773,Vageir,68,1,26,1811
2078175,Ikura,0,1,3495,613
2078176,wargun,204,1,1326,1020
2078276,HisokaLove,1,30,91055,104
2078678,Mnaser,2,1,412,1397
2078984,Hugogamez,171,1,843,1183
2078998,PEZ-DIABLO,0,1,2534,756
2079036,ARTU34,41,1,1115,1077
2079605,sombrasdemordor,3,1,2476,763
2079911,Juanchorizo,50,1,3758,588
2080189,MIDORIYA+IZUKU,0,1,116,1633
2080309,Sastre,167,20,89018,109
2080812,joselitolepero14,257,1,219,1536
2080999,Gterminator,257,1,4035,563
2081237,ADR10N,29,3,6617,452
2081316,elrayas,0,1,686,1241
2081698,kalamidad,0,1,269,1475
2081765,belloto69,0,1,26,1812
2081973,Theodorburg,0,1,228,1519
2082469,towerbridge,75,48,246300,14
2083091,jlg13,139,8,31606,263
2083788,lauta1216,20,9,49606,206
2083885,Pegaso,3,6,43147,225
2084332,Maik,20,51,259777,10
2084340,V4LK1R1A,20,6,11200,376
2084797,cescelboix,111,1,1653,951
2085554,DMadz,157,1,609,1296
2085697,Privilag3,167,21,101801,93
2085977,Mani20202024,0,0,0,2001
2086775,NottimGan,0,1,48,1715
2086782,morte.rica,0,0,0,2002
2086862,yecktor,0,3,7633,424
2087044,cantallops,2,2,6017,475
2087047,Superfortes,224,1,1849,911
2087974,Idunno,10,17,92033,102
2088089,epaaaaa,3,8,40029,234
2088292,kracovian,9,1,3729,592
2088438,keluan,111,1,2095,824
2088545,Voldemort88,68,1,1328,1018
2088603,McLeod,167,26,138640,59
2088720,kimchi,10,13,52178,200
2088835,nausantaana,0,1,284,1465
2089545,Petrofky,0,1,249,1493
2090629,niiehm,10,16,48103,212
2090745,diegolapac,10,56,232588,18
2090921,El+Barquero+de+HADES,24,8,4069,561
2091123,Dariio,0,1,222,1531
2091224,remus45,139,10,51818,201
2091259,hahaha,0,1,148,1611
2091752,Devil+Born,2,1,2047,834
2092609,Istiagor,0,1,828,1188
2092837,Anonymus,0,6,13790,347
2092900,pantxo,171,1,1358,1013
2093156,Sasake,15,3,3323,629
2093353,GGCorvalan,0,1,382,1407
2093396,AleGG,0,0,0,2003
2093749,ZOILO,0,1,1251,1040
2093981,malo81,2,3,7776,422
2094332,CrashToHell,1,51,201889,32
2094480,carvonis,171,1,2854,704
2094649,gonzal21,69,1,2546,761
2095032,Rakna,11,3,11063,379
2095097,Shaka+Zulu,10,47,146115,55
2095168,salvamayor,29,1,262,1482
2096015,killer+aaron06,0,1,907,1163
2096081,LEAL22,171,1,3649,598
2096365,OJOS+NEGROS,90,1,1643,955
2096765,Tony06,2,2,3626,601
2096974,Raymondh,171,1,3392,619
2097174,kipus1500,69,1,1870,912
2097747,edux,0,1,162,1602
2098302,FOlcina,45,1,26,1813
2098395,chop,0,0,0,2004
2098548,VioLentSmoKer,0,0,0,2005
2098905,Nabucco,2,3,10633,386
2098997,jose65,0,4,18973,314
2100268,penka1,250,1,2808,709
2100524,Mr.2020,41,1,1563,967
2100821,BIHOTZA,139,2,9541,398
2101178,Leka,0,2,468,1362
2101506,Pjotr+Kropotkin,0,1,26,1814
2101531,gargola82,139,7,24001,288
2101846,Sgtfox,167,15,75866,143
2102025,cuervo92,0,1,718,1233
2102165,ignasi33,0,2,4142,553
2102310,Kakatua,1,46,214515,24
2102822,buyas,0,1,2203,804
2103338,fity,10,7,29646,271
2103534,Oquei+Maifrens,0,2,1798,928
2104192,marc313,0,1,690,1239
2104259,balearic,0,1,295,1454
2105233,Muyayin,276,1,159,1608
2105689,Lowasd,0,1,628,1280
2106040,triana70,0,1,1666,947
2106685,pini314,35,1,1627,958
2106801,Cyenlacex,0,0,0,2006
2106805,pikeras,0,1,2285,798
2108883,TheRealPomo,0,1,26,1815
2109083,TECLADO,0,1,367,1415
2109355,Khisus19,0,1,935,1153
2109362,jcvv,111,1,727,1231
2109384,carmona70,35,1,659,1259
2109652,pepera,0,3,9303,402
2110005,rikuvv,41,0,0,2007
2110338,CamelToe,62,1,234,1506
2110351,latiqu,105,1,2936,688
2110420,Jotakaide,0,1,187,1577
2110451,MonolokoYT,0,0,0,2008
2110662,SPEIS+J-0,139,5,17522,323
2111998,HayTabla,0,1,228,1520
2112320,Travels,8,1,714,1236
2112353,NagatoGlam,278,3,11931,364
2112530,Joaquin2021,75,17,43631,223
2112721,Mateorb12,237,1,26,1816
2112797,Lord+Taken,250,1,1129,1073
2112801,Seak+loko,3,10,64227,167
2113353,felix750,0,1,459,1368
2113377,040NickNotFound,0,1,250,1491
2113497,Aduka,0,1,2186,808
2113522,NIKEF.,0,1,162,1603
2113702,Tenea+Tecnologias,82,1,228,1521
2113964,LouJG,75,25,114284,81
2113993,What%3F%3F,176,1,3072,664
2113999,Antul,75,31,116916,77
2114050,gemadani,41,1,511,1338
2114370,krom32,3,9,38298,239
2114502,henry,41,2,4209,549
2114556,RIVLEINAD,0,1,177,1590
2114618,Se%C3%B1or+Heredia,0,1,26,1817
2114867,Crocodile,210,2,5317,491
2115128,Welmejorr,0,1,26,1818
2115188,Masca1,0,1,307,1443
2116068,Janierin,0,1,737,1229
2116252,sisiphus2,0,3,4481,530
2116596,juanmaschez,29,4,5392,490
2116934,Betty,171,6,11333,374
2117494,Emiko12ar,69,1,1540,976
2117522,JB68,197,0,0,2009
2117545,Irene,171,5,10757,384
2117706,Maicolito,28,0,0,2010
2117739,Dr+orta,171,1,2748,725
2118135,Fajardoo,0,1,372,1409
2118182,Bronco,0,1,26,1819
2118197,berrero,59,1,268,1476
2118228,RonArehucas,0,1,3868,574
2118605,Baldomero,81,1,1818,920
2118644,Nedharmel,3,17,86494,117
2118666,Prendes,0,1,26,1820
2119104,nomidista1,0,1,93,1652
2119184,Francesco,81,1,258,1485
2119519,albertusjonayter,19,18,62632,172
2119588,giesse,0,0,0,2011
2119635,Thor48,19,10,60174,178
2119727,PEKEPOTAMO,0,2,4022,565
2119752,satornu195,0,1,48,1716
2119871,Silas97,0,1,3545,607
2120413,gaby82,0,1,954,1155
2120634,varo98,257,1,2046,835
2120650,Valeska1ar,0,1,210,1548
2120953,Ryphox,0,0,0,2012
2120954,Martinez,0,1,1860,909
2121004,Parchis,24,0,0,2013
2121007,elchotasfc,75,45,174920,41
2121082,rastapopolus,111,1,998,1129
2121243,Muzan,75,33,163502,42
2121326,ElJama,75,16,77125,140
2121468,kolour,248,4,10527,388
2121745,julio1010,0,0,0,2014
2121965,leones09,0,1,267,1478
2122184,Davile,167,7,37473,244
2122269,lenttt,0,1,5231,497
2122320,thoron,0,4,1159,1065
2122415,300jf,41,1,281,1469
2122501,r.agaona,107,0,0,2015
2122743,El+Ultimo+Condottiero,19,26,114590,79
2122744,Madre+Engracia,19,12,64568,166
2122757,Borjamari+I,19,4,15887,302
2122773,Felipe+secso,0,1,4206,547
2122819,Javivi20,35,1,1712,940
2122907,Frankh,0,1,3128,654
2123065,ElMagoBK,1,62,186240,38
2123179,themper,0,1,26,1821
2123325,HP1989,29,1,2950,685
2123543,Lyon,0,1,785,1207
2123609,BODEM,3,16,86612,116
2123760,teknocracy,0,1,26,1822
2123952,Salma+Kan,181,1,4646,522
2124157,lamona94,204,4,9726,396
2124191,wenamante,29,3,3388,620
2124403,Paintball,251,1,2643,741
2124483,Alibaba,19,8,63732,168
2124699,gumnilp2,0,1,597,1302
2124706,to%C3%B1in,162,7,17524,325
2124889,XxFERxX,19,5,18488,317
2124890,Leoguapo,0,1,213,1546
2124895,Olivia.-,200,1,1558,968
2124912,Alexis1517,75,42,118160,75
2124934,cachum,3,10,59466,181
2124935,giani7351,139,6,16584,329
2124962,Trafalgar+D.+Sergi,0,0,0,2016
2125070,alexhina,0,1,612,1292
2125437,Drael,167,11,37311,246
2125883,moticuco94,0,1,1814,922
2125887,frantic23,12,1,2709,727
2125976,Carlos33db,0,1,108,1642
2125992,Dago,0,1,2592,748
2126119,peran20,251,1,1408,998
2126274,-vida+louka-,0,1,26,1823
2126351,eligio,35,1,3844,579
2126355,caminando,35,1,5271,493
2126394,alfredo11,35,2,6609,453
2126414,makanchis,111,2,4802,515
2126523,PIOLIN,75,104,481554,2
2126872,gabmar,0,1,2196,807
2126885,rema,35,1,4076,560
2126919,Turcko+x,0,1,246,1498
2126990,EleCtrA,139,9,24907,285
2127098,-InsideOrMind-,0,1,26,1824
2127268,papeleta,35,1,3528,608
2127421,ZZZZZ,0,1,1066,1087
2127652,CfluviAA,16,2,1650,952
2127679,MiniGan,75,14,82229,124
2127891,alrischa,0,1,123,1626
2127897,Dimitrii,250,1,4413,534
2127978,KanO,75,87,598835,1
2128117,Lady+violet,0,1,270,1474
2128231,Radenn,96,1,522,1336
2128254,enek00s,0,1,8315,413
2128459,Zumbon10,0,1,26,1825
2128583,Chuchundra,0,2,4160,551
2128799,Lunita08,19,10,57390,188
2128808,omarrop09,241,1,3453,616
2128837,sadas26,0,1,26,1826
2129194,InberTF,257,1,580,1314
2129226,Riderofthestorm,0,2,5286,498
2129228,Kokanio14,176,7,23610,294
2129523,ceser2023,41,0,0,2017
2129568,El+Pestes,0,1,2092,839
2129677,maquina2525,167,28,159140,46
2129732,Redinton,200,1,5760,480
2129889,leyy,171,4,7595,425
2129923,Danukis,0,0,0,2018
2129948,guest88,0,1,88,1655
2130145,Rey+Kael,75,22,81647,127
2130339,Galaxia,139,1,9017,406
2130473,danyel,0,1,481,1355
2130615,LeoPePsi,0,1,1541,973
2130617,DejamePatear,259,1,1408,1001
2130631,Ikit,69,1,6512,455
2130685,Loleus1807,0,1,200,1567
2131097,Veinticinco,204,1,246,1499
2131314,Cadizbcn,179,1,1642,956
2131331,javivalvieja6,41,1,26,1827
2131441,loord+trip,28,6,18092,319
2131544,Lopen,1,48,201331,33
2131628,SERGIORO,0,1,776,1213
2131930,Peones,0,1,1628,957
2131978,bamba+negra,106,1,787,1210
2132109,Mic+Mic,62,1,2442,768
2132110,Bellingham,0,1,228,1522
2132160,The+Last+Of+Us,0,1,3499,625
2132181,manzano,0,0,0,2019
2132363,Hilton+G.+Benja,94,0,0,2020
2132406,serbero,35,2,4943,506
2132717,Backdiamond,0,1,26,1828
2132828,AdaoNoobPapaBbs,75,32,153696,50
2132867,krank,111,5,14116,343
2132893,taopaipai,0,1,233,1514
2132944,moyete,242,1,663,1255
2133019,Talo77,19,12,82788,123
2133178,spockada,41,1,188,1576
2133183,davyd1147,35,1,283,1467
2133408,GROCC,3,67,253980,11
2133413,Abate,271,2,4608,526
2133516,ambrosio,171,3,10160,393
2133518,MECOMOUNA,120,20,56378,191
2133595,dreicko,0,1,150,1610
2133685,Kojak+y+Panza,0,0,0,2021
2134248,loboguardo,11,1,3220,641
2134283,Serantes,204,1,1124,1075
2134336,Nortus,12,0,0,2022
2134386,gracioso,0,1,208,1551
2134425,Aniia91,204,1,2419,775
2134428,Leonidas,0,0,0,2023
2134461,Mar%C3%ADn,0,1,1073,1086
2134524,Anirri+Quint,221,1,567,1315
2134563,rapadoloco,75,16,93046,101
2134775,el+cangri+29,2,6,24960,283
2134821,Pruden.90,0,1,32,1738
2134954,marin123,0,1,26,1829
2134962,d%C3%A9cimo,111,4,14618,340
2134983,Gladiador+ff,0,1,26,1830
2135100,VAPEDLL,0,1,3121,655
2135634,enrive,0,1,1062,1100
2135643,dodo1901,0,1,26,1831
2135744,vairo07,204,0,0,2024
2135995,canono,35,1,3518,609
2136006,Arnau+96,3,13,59084,182
2136021,Iv%C3%A1n+Galicia,0,1,26,1832
2136090,horge2407,93,1,2911,695
2136214,1899FCB,1,21,85936,118
2136220,Angelillo,35,1,2066,831
2136273,P4scu84,15,5,18934,315
2136315,Daga,29,1,3561,605
2136328,drll28061986,0,1,26,1833
2136353,Like+the+Beatz,0,1,26,1834
2136589,Jenkins,0,1,116,1634
2136658,Rumi,35,1,2959,684
2136696,lisbeth+salander,154,3,5784,482
2136699,rasec96,10,12,69148,151
2136708,Fossi+el+Bret%C3%B3n,35,1,1414,995
2137048,Mike.7,0,1,748,1225
2137106,Enriquetecalle,0,0,0,2025
2137113,xvr6,181,0,0,2026
2137132,Zintzo,0,1,3450,617
2137133,Janire5,105,0,0,2027
2137186,Ramses2015,0,3,3676,595
2137188,Tatochurpa,19,44,232364,19
2137298,vktorm14,75,12,45501,219
2137395,xotoman,0,0,0,2028
2137541,Siege,68,34,104537,92
2137564,talaia,250,1,686,1242
2138001,Caballero+Jedi,0,0,0,2029
2138229,ciberdelta,0,0,0,2030
2138323,mutante82,0,1,387,1404
2138682,Ricardo+1619,261,1,3315,630
2139121,Fernandex,0,1,219,1537
2139312,morcu1973,0,1,252,1489
2139653,lestad,0,1,217,1541
2139654,IchRechneEnglisch,179,0,0,2031
2139716,kingwargene,0,0,0,2032
2139741,Egeso,28,6,19437,310
2139785,Alexisjvfor,0,1,117,1631
2140134,m.moralesj,0,3,1481,984
2140233,LEGIO1978,260,1,3374,622
2140286,ASC94,0,1,986,1132
2140305,Chaco38,0,1,1304,1024
2140333,Sinsinati,0,0,0,2033
2140334,teenwolf,0,1,1227,1051
2140446,HEAT,0,1,213,1553
2140502,Jhontello2,139,8,39092,235
2140537,iop69,171,1,2102,821
2140559,EyShori,69,1,3688,599
2140584,Cobra,0,1,1082,1083
2140679,St+Aniol,16,1,84,1662
2140980,ZODIAK+73,2,2,4680,518
2141000,Javatovic,0,0,0,2034
2141083,kranesh,132,1,299,1451
2141165,Montito,0,1,343,1425
2141273,ZafyrSR,0,1,44,1725
2141297,magiczgz,0,1,26,1835
2141487,TeoRueda,0,1,195,1572
2141578,eeeloy,153,1,331,1433
2141711,SirWalt22,0,1,1129,1074
2141813,XXpoleas,176,5,12000,368
2141920,Demente,68,1,477,1356
2142015,hiper,0,1,1060,1092
2142222,Drap,75,21,116401,78
2142246,Alien,0,1,26,1836
2142335,Llaa123,0,1,26,1837
2142481,Rey+Mavi,0,1,3101,682
2142482,Naruto,0,1,41,1731
2142486,Ataque+de+titanes,79,1,228,1523
2142538,raul989898,139,4,25265,282
2142802,javi-jvr,10,12,60806,177
2142901,Kylan,75,31,120357,71
2142923,Agraxe,171,2,4242,543
2143021,AsteroidDestroyer,0,1,56,1696
2143028,Tapioca,250,1,212,1547
2143264,LeonardoD14,41,1,1454,990
2143382,Montesdeoca,29,1,4860,511
2143421,Elfiuler,0,0,0,2035
2143526,hakikilaz,0,1,26,1838
2143609,ErNano,0,1,2348,787
2143687,Maiers,0,1,70,1679
2143714,Ramazzio,0,1,263,1481
2143715,anibal,2,1,2341,788
2144035,GUDARI,29,6,12754,358
2144056,albeert368,0,1,392,1402
2144281,ME+VES+Y+TIEMBLAS,139,8,41221,230
2144316,lord+gael,0,1,755,1221
2144326,Stutgart,0,1,234,1507
2144497,El+Palero,68,1,95,1650
2144655,Deixa+Pro+Pai,0,1,26,1839
2144772,david84,0,1,611,1295
2144972,davo,0,1,26,1840
2145005,metarg,0,0,0,2036
2145225,mase0425,260,1,4311,536
2145359,King+Arthur,69,2,1997,855
2145367,kirakias,69,1,2878,717
2145441,Mico78,15,1,2040,836
2145492,Torpe14Mota,200,1,1787,929
2145573,DAVID68,15,3,4656,520
2145649,Don+Alkimia,20,20,130003,63
2154755,S+E+N+P+A+I,0,1,26,1841
2168803,Rey+Pollito+de+Troya,2,2,6456,461
2170741,Se%C3%B1or+Daniels,0,1,1241,1044
2170779,Prietuni,0,1,26,1842
2170896,serkan,68,1,1728,936
2170995,stevejudo,0,1,794,1201
2171013,BennyBirra,0,1,348,1422
2171390,Alfarinha,0,1,32,1739
2171434,Sunshiner,179,0,0,2037
2171487,idjas,2,1,2197,806
2171625,silou,0,1,981,1134
2171639,TATARES,0,1,26,1843
2171820,oneko,0,1,26,1844
2171938,Arshex,10,29,127655,65
2171983,sintraxy,19,8,42413,227
2172056,marcosdela3,0,1,1695,942
2172065,jhonatan+6,79,1,202,1560
2172107,WebOo,0,1,842,1184
2172216,Nuitari,0,1,886,1167
2172537,Sr.+De+la+Muerte,0,1,26,1845
2172610,kaotiko22,35,2,3797,583
2172741,Ragnar86,260,3,5135,502
2172761,1msc,20,7,46788,215
2172838,Lucian,20,21,91566,103
2172891,SalvaUmbert,0,1,1191,1059
2173040,nortamort28,0,1,1905,904
2173075,theoneseus,237,3,8347,411
2173233,DON+GABRIEL,0,1,218,1539
2173262,abryrv,0,0,0,2038
2173300,Elgranlitri,0,1,140,1613
2173364,yonkone,0,11,16041,333
2173499,Al+Bundy,0,1,26,1846
2173649,Iurde,0,0,0,2039
2173666,Indomito,0,1,26,1847
2173719,Cafucas69,0,1,2990,680
2173766,Hunaku,0,0,0,2040
2173782,yoelbulo,0,1,622,1283
2173804,smokee,9,1,2155,812
2173921,Lord+Varowilis,179,1,2920,694
2173977,noega,217,1,960,1147
2174060,cpthaddock,0,3,11607,371
2174072,Hypermsc,241,1,439,1383
2174102,Jerryjgj,167,10,79894,132
2174108,enek00x,0,1,121,1627
2174163,alfrava007,69,4,13507,353
2174198,Speakeer,0,0,0,2041
2174544,-RoyalFlush-,0,1,1136,1072
2174772,wicky5,15,6,14299,342
2174793,zSPeeDZoom8ii,0,1,79,1671
2174871,RGR10,29,1,3059,670
2174904,Chambon,120,3,12056,363
2174905,Alvarocnk92,167,17,69117,152
2175032,gerente+calvo,0,1,102,1646
2175100,rick1,15,2,6094,472
2175174,xinaco,167,8,33368,248
2175287,CaRaBaMa,0,1,220,1535
2175305,lomadela,0,1,371,1410
2175306,Zealot.,0,1,496,1351
2175357,Soracai1,0,0,0,2042
2175447,Se%C3%B1or+josimar,0,1,26,1848
2175504,reigodofwar,0,1,26,1849
2175505,Mksl,0,1,1154,1066
2175542,Taavo,0,1,645,1266
2175606,-+S+a+v+a+g+e+%2A,0,1,26,1850
2175660,to%C3%B1i,200,1,4504,528
2175784,joosee1901,0,1,3091,659
2175860,YELLOWCAT,15,2,2572,751
2175878,Juniors87,120,1,2685,739
2175970,Boman,200,1,3827,580
2176068,Marco+Deluxe,2,1,1655,949
2176087,mai93,260,1,174,1595
2176116,HugoPK,41,1,606,1298
2176170,te+lo+meto,0,1,26,1851
2176243,Sa%C3%BAlconquistador,0,0,0,2043
2176348,Zara+Home,250,1,672,1247
2176355,Sir+Pol,171,0,0,2044
2176434,Urtugrul,160,1,493,1348
2176484,seergio,0,0,0,2045
2176589,sisqui,0,1,278,1471
2176591,F31T0,248,4,11856,366
2176594,Sr+de+los+anillos,0,1,254,1487
2176663,Armisen,0,1,401,1398
2176673,Placeres91,19,17,80586,131
2176707,Reberlin,35,1,2709,728
2176735,ishbal89,28,6,9705,397
2176774,Cire20,0,1,26,1852
2176830,Lysithea,10,0,0,2046
2176880,castrori,15,2,2088,825
2176921,Demoperro,0,0,0,2047
2176932,LastKingdom,105,1,1294,1029
2176933,PericoSanchez,0,0,0,2048
2176949,Dbz2025,0,1,26,1853
2176950,Atletico,136,1,3739,590
2176951,JuanCarlos1,0,1,2016,883
2176985,dinamicshow,3,15,79157,137
2176997,Wikkypedia-tra,10,12,67315,158
2177058,FerminTrujillo13,0,0,0,2049
2177105,gallego94,19,13,51310,202
2177122,Olivermdc,162,2,4104,556
2177144,javiiperez,167,16,67926,157
2177166,anto9624,0,1,26,1854
2177225,Ostias,68,1,1861,908
2177264,JaimeMister,0,0,0,2050
2177327,Kiste,0,1,471,1359
2177328,Rey+Viriato,105,1,2304,795
2177329,Sergi,0,1,228,1524
2177331,Ainara,77,1,2766,720
2177332,Quim10,77,1,2766,721
2177342,Diox,181,1,435,1379
2177379,galakrisna,0,1,332,1432
2177523,NDLGXG,137,1,175,1591
2177554,Mofitex,1,10,31950,260
2177589,ivangtz,0,1,26,1855
2177595,EVETEO,231,1,920,1158
2177606,miguelmarques777,237,1,1688,944
2177696,Sil3nt.Hill,20,81,318723,7
2177697,VoidHammer,0,1,228,1525
2177698,SkullShift,0,1,2579,750
2177699,HexBreaker,0,0,0,2051
2177721,GrimEcho,0,0,0,2052
2177722,Drox,0,1,2766,722
2177723,DiegoM,0,1,46,1721
2177724,Manuel07,0,1,2863,700
2177731,condesewerton,0,1,669,1248
2177754,Guifr%C3%A9,0,0,0,2053
2177759,maxbaires,75,13,63056,170
2177766,Hectorrecio,105,1,4155,552
2177768,Denis10,0,0,0,2054
2177769,Rodrigou,62,1,3853,578
2177770,Javater,0,1,1941,890
2177802,Ulian,84,1,683,1243
2177807,V+O+L+D+E+M+O+R+T,0,0,0,2055
2177858,Kal+El,3,9,30070,268
2177881,THE+HUNTER,204,1,4850,512
2177914,Dylan,0,0,0,2056
2177931,NoBrainAmigo,0,1,26,1856
2177955,Igor2k,0,1,26,1857
2178061,ADHD,0,1,26,1858
2178074,Cristi,0,1,3101,657
2178075,Tonichu,0,1,234,1508
2178076,Carnivalsaw,0,1,2689,733
2178077,SpaceJam,105,1,3101,689
2178078,Spiderman,0,1,234,1509
2178079,Koke10,0,0,0,2057
2178080,Juanantonio,0,1,202,1561
2178081,Destroy,82,1,1946,888
2178082,Vital,79,1,3786,586
2178083,Elena08,82,1,229,1517
2178122,Ivan+montana,0,1,1263,1037
2178123,Uthred,0,0,0,2058
2178130,Barreiro,0,1,26,1859
2178131,TrabaLindo,0,0,0,2059
2178140,zuruto,136,1,7322,431
2178141,javi99,0,0,0,2060
2178148,Jrlf,0,0,0,2061
2178156,albertomc,200,3,8365,412
2178199,PanBimbo,0,1,1305,1023
2178200,Panfleto,0,1,1254,1039
2178202,Pajuelo,0,1,1331,1016
2178203,RonCola,0,1,1655,950
2178204,Beethoven,259,1,1099,1085
2178205,BobEsponja,0,1,977,1137
2178206,PepitoDepito,0,1,1364,1006
2178451,ROMEO249,181,2,3879,572
2178467,Mamen,250,1,3883,571
2178475,Ernestom,41,1,3929,569
2178560,%2A%2ADarkness%2A%2A,0,1,466,1363
2178569,Rugged+Territory,179,0,0,2062
2178580,younes,0,1,26,1860
2178602,jvise,171,2,4007,585
2178622,lafamiliaprimaditutto,0,1,49,1711
2178638,pereira1790,260,1,1200,1056
2178691,PORTUGA+DIAMOND,0,1,26,1861
2178744,PrT-,0,1,26,1862
2178778,Kuper,0,1,26,1863
2178802,Ortadri,85,1,2744,726
2178808,ainhara,85,1,5245,495
2178811,FUNEBRERO,75,13,38214,240
2178833,RESISTENCIA,0,1,233,1515
2178927,magazu22,85,1,2925,690
2178951,aderiel,85,1,3068,666
2178966,ticotico,85,1,3962,567
2178972,ginola,85,1,3864,575
2178973,pecoso,85,1,4247,540
2178984,almudina,85,1,2555,753
2178986,hachafilada,85,1,2853,705
2179006,pi%C3%B1acolada,85,1,2560,752
2179007,rayodeacero,85,1,2020,844
2179017,bobesponja27,85,1,2361,781
2179018,roquenublo,85,1,5253,494
2179026,tropical,85,1,2446,766
2179027,therese,85,1,2540,755
2179029,CatBerryVT,19,9,32970,249
2179030,diegoncre,116,1,249,1494
2179036,elkety,0,1,69,1682
2179037,GeminisSaga,2,2,7584,426
2179061,Ignea,68,1,3217,642
2179095,CapitaRoger,181,3,5911,477
2179107,Delphy,85,1,2382,779
2179108,sonic,85,1,2142,815
2179123,enforcerego,0,1,44,1726
2179170,PlsSlap,2,3,7222,435
2179188,Se%C3%B1or+Victor,0,1,345,1424
2179191,uchihanear,0,1,1082,1084
2179243,criistian,0,3,6473,459
2179275,Ditalco,0,1,2767,719
2179320,visionesextra%C3%B1as,0,0,0,2063
2179322,Bolsitadecaramelos,176,1,497,1344
2179326,kuty666,41,1,1221,1053
2179358,onunez,0,1,157,1607
2179394,CalidadMax,75,72,451776,3
2179399,MaGaMe72,0,0,0,2064
2179400,NEIBRAVO,0,1,792,1203
2179411,.Lamine.,0,1,2689,734
2179412,-Torete-,0,1,2442,769
2179413,From,0,1,2689,735
2179414,pizzahat,82,1,37,1736
2179433,Righoxx,0,1,668,1249
2179460,SIR+HALCON,171,1,3559,606
2179488,Visigodos,28,0,0,2065
2179493,gcornide1031,260,1,4179,550
2179516,Shev,19,12,95451,98
2179523,N4n1s3,0,1,26,1864
2179524,Kais+montana,181,1,1983,868
2179552,Duki,0,4,13161,354
2179612,Xaviersp91,179,1,1824,917
2179627,Hotweels,0,1,182,1581
2179727,Mealimentodetumiedo,0,1,7302,432
2179728,SupeR+AcTiVsIoN,259,1,2790,714
2179790,soyleyenda,0,1,2689,736
2179791,Valeera,0,1,234,1510
2179792,Warlock,0,1,1058,1093
2179793,Angelo1,0,1,3101,658
2179794,janet,82,1,2689,737
2179795,Dani88,0,1,2582,749
2179796,Iban,0,1,2506,759
2179797,Teresniha,0,1,5129,503
2179847,Alzai,0,1,4239,544
2179975,guadacasca,105,1,1808,923
2179988,Averigual0,69,3,2096,823
2179989,NeMm,28,9,23617,293
2180058,joxema91,0,1,26,1865
2180062,Zab%C3%B3jca,0,1,76,1674
2180087,pepsi,62,1,2689,738
2180088,%2Aeduard%2A,0,1,41,1732
2180089,tumolas,0,1,3063,668
2180090,daxit3000,0,0,0,2066
2180091,Josep10,0,1,3101,683
2180092,ToniTWs,0,1,3165,648
2180093,Minijuegos,0,1,4222,546
2180094,Cupra2,0,1,3499,612
2180095,YESTE,0,1,3011,677
2180096,FRmaximus,0,1,3237,637
2180125,Negreira,9,1,339,1428
2180143,kuro,0,0,0,2067
2180147,Chef+zeff,0,1,26,1866
2180148,Usopp,0,0,0,2068
2180152,Mr+Jagger,0,0,0,2069
2180194,kurcha,9,0,0,2070
2180201,Ragnar+Lothbrotk,9,1,166,1598
2180297,waspeis,2,2,2829,707
2180431,Sr.Makako,0,1,26,1867
2180461,Ra%C3%BAl+80,0,0,0,2071
2180532,Yolanda+Smith41,0,1,3330,627
2180533,Vaughn+Roob32,0,1,6402,464
2180534,Mae+Legros,0,1,2955,696
2180535,Drake31,0,1,2693,730
2180536,Houston+Prosacco5,82,1,2803,731
2180538,Kaden+Armstrong23,0,1,2582,760
2180539,Kiarra+Rodriguez9,0,1,2830,706
2180547,Cesar+Cruickshank,0,1,2693,732
2180548,Shad74,0,1,2858,702
2180620,Fakkrr%C3%AD,181,1,1026,1135
2180626,Fakle,139,9,20489,305
2180638,LeoM57,69,1,3706,594
2180651,prz17,0,0,0,2072
2180662,KingSeven,15,3,6817,445
2180768,toniik,0,1,528,1334
2180825,FranB,200,1,5005,504
2180923,Paoli,254,1,2297,797
2180955,Daran,250,1,4803,514
2180995,Ivka,0,1,1198,1057
2181023,Yavanna,0,1,137,1615
2181025,fernandorv,0,0,0,2073
2181026,Eloy7,41,1,438,1378
2181032,cucuy,0,1,1054,1095
2181051,KingRagnora,0,1,71,1678
2181075,cuervoscuro,69,1,756,1220
2181101,Squalo364,19,8,55101,193
2181104,hailsup,2,3,6232,469
2181135,Ferchotre,0,1,133,1621
2181141,Bbkeeem,0,1,846,1161
2181144,goja,0,1,26,1868
2181199,Landersa,0,0,0,2074
2181209,Super+Saiyan+6,0,1,1487,986
2181217,Meres,120,5,14768,338
2181219,nitr0foska,41,1,4120,555
2181298,PadrePrimerizo,0,2,3858,576
2181331,KuKuRiCa+olivy,0,1,26,1869
2181338,Aldair,241,1,1407,999
2181428,Benjass,29,0,0,2075
2181431,cieguin-55,19,11,37934,242
2181476,Paganos,10,13,49757,205
2181488,betosan123,0,1,362,1418
2181523,adrirf,120,4,19815,309
2181542,PepperoniGuy,167,19,106786,90
2181647,poli2728,0,1,1240,1045
2181669,lacabra,139,7,23687,291
2181676,elquetecoje,0,1,971,1143
2181688,Zhukov,69,1,3007,678
2181694,cornelio+escipion,2,1,3871,573
2181708,gaprii,19,12,54119,195
2181744,pucelano,0,1,532,1333
2181768,Said153,0,1,369,1412
2181774,AndrewZeus,19,8,32927,250
2181789,palasito26,162,4,16745,327
2181807,Polizzia,79,1,3242,636
2181809,MyGE,0,1,41,1733
2181811,Natos,0,1,3032,675
2181818,Juankitanke,0,1,234,1511
2181819,Grupetto,105,1,3165,649
2181824,jesuggc,0,0,0,2076
2181835,Angellp,250,1,1061,1091
2181837,Letonkin,250,4,13866,346
2181847,Javivu24,0,1,425,1389
2181850,rompetabikes,0,1,119,1629
2181860,Pochola+Silva,26,1,26,1870
2181865,jedom,15,1,2867,699
2181891,ZoencilloGT1,167,11,69024,153
2181941,Zaire95,0,1,1333,1015
2181972,Omixam,29,1,853,1181
2181974,kilates,85,1,557,1321
2182015,andresbcp,0,0,0,2077
2182026,Coke+Espi,0,1,26,1871
2182027,LUISXXV,69,1,26,1872
2182034,SAOSAR,69,6,15174,337
2182060,Kiaram.,79,1,234,1512
2182061,Kraken.exe,0,1,3609,602
2182062,AFKEterno,105,1,234,1513
2182063,Pointnull,0,1,10268,391
2182064,Velkhar,0,1,228,1526
2182065,Elultimopeon,0,1,3459,618
2182082,A+n+d+r+e+s,0,1,26,1873
2182083,julioguerrajr,41,1,354,1420
2182121,Justin4,2,5,19771,308
2182124,PabloBernal304g,0,1,291,1460
2182125,sweetdevotion,0,5,10268,392
2182135,BierKrugal,0,1,121,1628
2182145,ReyChesco,0,1,465,1370
2182155,J279,0,1,461,1366
2182169,Feanor14,0,1,369,1413
2182227,rewer,3,7,27414,277
2182228,D.+Andriu,137,1,664,1254
2182237,PrefeitoRico,0,1,794,1202
2182242,Miriamemilce,237,1,1049,1096
2182246,Kobu,147,1,631,1278
2182257,Se%C3%B1or+Rocky,0,0,0,2078
2182260,Beticaca,139,5,17903,322
2182261,Fatiguita23,139,5,24009,289
2182267,DANGOMHIJ85,19,8,45260,220
2182271,Galletor,139,5,32613,255
2182274,Nilhathak,0,0,0,2079
2182275,FranckLeo,0,1,3481,615
2182276,jonmpy,211,0,0,2080
2182287,Rey+escanor,69,5,7144,440
2182307,bokerone,0,1,930,1154
2182309,Xitboy,0,1,47,1719
2182326,zabalon,0,2,905,1164
2182344,Eduardo5,204,1,1485,983
2182356,pereha,0,1,641,1273
2182357,SkillBlackies,0,3,1440,991
2182386,Alma+guerrera,69,6,15435,336
2182398,Sir+daniel,0,1,635,1275
2182610,XDIUX,69,1,2114,819
2182830,Airamkaox,0,0,0,2081
2182836,Muji,0,2,1801,925
2182840,kito24,194,1,2595,746
2182955,centollo,0,1,1267,1035
2182957,Babuino+IV,0,1,379,1408
2183126,Mencey,200,10,35151,247
2183181,LUCARIO+III,0,1,1264,1036
2183201,benjaminp2,0,2,1474,985
2183227,CR7pt,182,1,159,1606
2183238,omega92,93,1,1370,1009
2183239,Miauzer,0,1,2141,816
2183251,Stevs,200,3,5987,476
2183254,jorge7777,0,1,1660,948
2183273,Hypercell,0,1,136,1616
2183281,Highlander,69,2,3132,669
2183283,caritoz13,0,1,26,1874
2183314,djfonty,139,4,15393,335
2183397,Fhar,24,3,7298,433
2183407,Carnicero+52,254,2,4536,527
2183422,jesusca,69,4,11112,377
2183428,Gellert+der+Nachtalb,245,1,548,1328
2183441,Invitado183441,0,1,554,1331
2183448,Segarro+Amego,20,14,79260,136
2183451,Antigona22,181,1,635,1276
2183470,Rey+Andrews,15,1,4659,519
2183480,MrIgual,0,1,2000,854
2183481,Rey+kafka,154,7,48960,210
2183482,el+faliyo+de+san+roke,20,8,43758,224
2183483,xinamo92,19,22,119655,73
2183486,miguelbarajas,29,2,7214,436
2183490,Parrusko,19,11,45018,221
2183491,Danasta,19,64,251746,12
2183545,Phibius,0,1,83,1664
2183546,Smasher73esp,204,0,0,2082
2183599,Minority+Slayer,0,0,0,2083
2183601,Willy41,0,1,5143,501
2183603,Whale.CapitalInvestments,0,1,26,1875
2183605,kanario85,139,4,13702,348
2183607,Invitado183607,0,1,1289,1031
2183613,AcAJe04,0,0,0,2084
2183616,DRXSGO,15,1,5287,492
2183634,mgsean,139,4,10917,383
2183635,Luluprime,0,0,0,2085
2183638,RIKITA,176,0,0,2086
2183639,Reyleon,69,1,716,1234
2183642,FasitoRico,3,6,30653,265
2183797,Glinzky,0,1,659,1260
2183798,znnarks,0,1,26,1876
2183801,reus+city,0,1,495,1346
2183804,Madmardigan,139,4,19331,312
2183840,ESPARTANO+MEJICANO,0,1,289,1461
2183845,Indio,160,0,0,2087
2183846,Fcoescobar,0,1,26,1877
2183955,UnTalCevagros,0,1,26,1878
2183957,Sun+Tzu,69,5,11363,373
2183959,janroca,0,0,0,2088
2183970,Catho,171,3,8141,418
2183998,JeyMamon,28,5,23495,296
2184011,DerraDrift+ESP,0,1,44,1727
2184013,jotabe,0,1,206,1554
2184021,Ramelgo,0,1,1750,932
2184028,OrlandoRega,0,0,0,2089
2184052,PPBanker,0,1,559,1320
2184056,polux,204,2,6675,449
2184114,Valeria,2,5,17283,326
2184117,Luckie82,137,0,0,2090
2184134,Dendere,0,3,9451,400
2184141,matgaiden,210,2,5476,487
2184150,sebastianga,111,4,8849,407
2184155,Blackpuma1,29,4,8606,408
2184160,Shadowtactician,0,1,2825,708
2184165,Chapa,0,1,1013,1121
2184168,Invitado184168,0,1,308,1442
2184171,landertxu31,41,1,26,1879
2184172,manolo,126,1,452,1372
2184174,betwo,200,3,6424,462
2184178,alexmc81,0,0,0,2091
2184187,fhenix,0,2,1223,1052
2184189,Tony+33,126,1,925,1156
2184193,Invitado184193,126,1,184,1579
2184201,Blublu,0,1,448,1373
2184203,Merluska,3,9,29968,270
2184204,JasonRech,29,3,4234,545
2184205,jroberto,111,3,6477,458
2184207,bigua,0,1,881,1169
2184210,Escipio,3,7,20636,306
2184211,Andyrubio1993,0,1,26,1880
2184213,Allegaeon,10,10,27169,276
2184215,seren4x,176,2,11414,372
2184221,patxiforet,0,0,0,2092
2184223,Gaucho,2,4,9443,399
2184234,ArGoN89,2,1,1906,903
2184237,jaju97,237,2,885,1168
2184243,kidok,237,1,26,1881
2184245,Chiru9,0,1,507,1341
2184247,desert+fox,0,1,2407,776
2184250,Tilin3000,0,0,0,2093
2184251,BHOficial,176,5,29264,274
2184255,Juliux,171,1,1799,927
2184275,Kaiser06,0,1,505,1342
2184280,GTReaper,171,1,2335,790
2184285,leonel111,111,4,13543,352
2184286,reciofal,171,1,1729,935
2184287,wacosta11,0,1,106,1644
2184289,Sweak,200,2,3486,614
2184295,juank1000,260,1,856,1178
2184316,maurorosariocentral,35,1,832,1186
2184321,esteiko,204,1,26,1882
2184323,Josien,160,0,0,2094
2184324,ToxidadeZero,75,14,78816,138
2184332,blatget20,0,1,4490,529
2184337,hyey,0,0,0,2095
2184338,Majo,0,1,26,1883
2184341,obijuancls,0,1,503,1343
2184342,LinkExtremo,2,1,617,1287
2184343,JD.Peron,0,1,1138,1071
2184349,Alkimim,0,1,191,1573
2184350,iacobus,29,2,5856,478
2184359,Matu.singanas,0,1,2615,744
2184368,gian022,0,1,1936,892
2184373,buenrollitoo,0,0,0,2096
2184375,Runi,250,1,115,1636
2184378,Lyna,111,7,26263,280
2184384,Castiello,111,1,3373,623
2184386,Marcol,0,1,1182,1061
2184389,elisenseramirez982,0,0,0,2097
2184395,SergiiiCH,200,3,5456,488
2184396,Zetyuci,0,1,1150,1068
2184399,Invitado184399,0,1,1063,1089
2184401,SR334,200,1,2312,794
2184411,El+Redentor,260,3,6511,456
2184417,Invitado184417,0,1,26,1884
2184419,Calser96,217,1,316,1437
2184423,the+master+ray,29,3,4975,505
2184427,GabrielOs,181,5,8220,415
2184431,Hecks,0,4,7908,420
2184433,Areskillah7860,0,1,456,1369
2184434,wallachacds,35,1,2422,774
2184435,Heizoc,41,1,32,1740
2184436,trunes222,181,4,11003,380
2184441,Jdavid,0,1,2067,830
2184444,Reyiron88.,0,1,984,1145
2184447,lljonan,204,3,4649,521
2184448,Southernman,275,5,9233,404
2184450,minie+mouse,111,1,1299,1028
2184452,rolome0,204,1,2937,687
2184458,caneloalvarez2010,111,3,4203,548
2184474,GlobuloRojo22,0,1,222,1532
2184479,Elreymercurio,69,2,1021,1106
2184485,m1ku,0,0,0,2098
2184490,Jackson+five,0,1,26,1885
2184496,YovannyCL,111,2,3662,596
2184498,SebaMPX,0,1,2335,791
2184500,Wendylu,111,1,1064,1088
2184503,PAPOTICO,0,1,551,1324
2184505,HooLeeShet,41,1,182,1582
2184508,bau239,200,2,7818,423
2184509,Aduztu,0,1,26,1886
2184514,WilkSamotnik,0,1,87,1657
2184515,rojofull,2,1,2030,840
2184516,conpocomelomonto,29,1,3067,667
2184517,KinoDT,139,4,7237,439
2184522,barniz,0,1,1269,1034
2184523,Alfredo50,69,1,1124,1076
2184524,astro168,0,1,90,1654
2184526,Pelopetanka,250,4,6706,447
2184528,NestorCS,0,1,179,1585
2184530,Aztecas.Mexico,0,1,70,1680
2184532,boby13,41,1,173,1597
2184533,Invitado184533,204,1,1535,978
2184535,Pacheka7,271,1,4328,535
2184541,SiTaeL,200,1,3169,646
2184551,Se%C3%B1or+Tarik,0,1,431,1385
2184552,elkuki69,2,1,2519,757
2184553,alle82,41,0,0,2099
2184554,EXTEME22,29,1,1359,1008
2184557,Cantaleon,220,1,1818,921
2184558,merce,0,1,78,1672
2184559,Facull2025,229,1,262,1483
2184563,TheBeast,0,1,854,1180
2184566,Srta+Ahri,0,1,305,1444
2184568,Eisen.Dragao,0,1,1993,863
2184572,TriggerKitten,0,1,316,1438
2184576,Albus,200,1,2264,801
2184579,Tilin3000reload,0,1,580,1307
2184580,Juancho+Marqu%C3%A9s,0,1,3567,604
2184583,Del+Ni%C3%B1o,69,1,3313,631
2184793,Sabalero,181,1,400,1399
2184797,txiiinooo888,0,1,681,1244
2184799,vicadeol,0,1,271,1472
2184800,PepinakeR,0,1,175,1592
2184801,urci,0,1,490,1349
2184803,Kingdeninci,0,1,26,1887
2184804,lycp,200,1,1236,1048
2184805,Invitado184805,0,1,59,1694
2184806,ATNEMROT,77,1,4094,558
2184807,dr0guitos,0,1,214,1544
2184808,Niltsiar+dMystra,0,1,46,1722
2184809,rafifi1992,139,1,1063,1090
2184811,costranostra27,0,1,77,1673
2184812,asd123456789,0,1,26,1888
2184813,Cixo,0,1,26,1889
2184814,extremer67,0,1,163,1601
2184815,t+fuiste+garchado,0,1,48,1717
2184816,yeck,0,1,293,1457
2184821,M.C.,0,1,175,1593
2184822,Tornes,181,1,434,1382
2184823,DEXTER+MORGAN,0,1,52,1706
2184824,Invitado184824,0,1,55,1699
2184828,Hyster,0,1,1982,869
2184836,Claudee,0,1,26,1890
2184837,Invitado184837,0,1,100,1647
2184838,hoehoe,0,1,112,1639
2184843,NinoPutodasPraias,0,1,48,1718
2184845,Uvala,0,1,26,1891
2184847,Colombian+Soldier,200,1,2147,814
2184848,Jos%C3%A9+fajardo,0,1,26,1892
2184849,Invitado184849,0,1,26,1893
2184850,MotoZero,0,1,161,1605
2184851,Alee23,0,1,388,1403
2184852,Alraban,35,3,2805,711
2184855,wallybalta,0,1,99,1648
2184857,pesadilla,0,1,64,1687
2184859,magna,0,1,54,1700
2184861,ketnio,0,1,32,1741
2184862,Invitado184862,0,1,197,1571
2184863,folkz,0,1,2756,723
2184864,Hobbith2,0,1,88,1656
2184865,Balnur,0,1,432,1384
2184867,mescal,0,1,246,1500
2184868,ReivaX,0,1,54,1701
2184870,Invitado184870,0,1,243,1501
2184871,ELPARAETO,220,1,550,1326
2184872,josendin,0,1,2794,713
2184874,Profeback,264,1,1830,933
2184875,Invitado184875,0,1,50,1709
2184877,Miguel14,0,1,800,1194
2184878,CORME,0,1,47,1720
2184879,jonas,0,1,80,1670
2184882,tiagopoli,0,1,26,1894
2184884,ronda,0,1,26,1895
2184885,Gcko,2,1,1180,1062
2184889,andresmdg,0,1,204,1557
2184890,ReydelaVictoria,0,1,26,1896
2184892,Invitado184892,0,1,32,1742
2184893,Lady+Edme,0,1,597,1303
2184895,tigaelgt,0,1,32,1743
2184896,Arkronz,0,1,110,1641
2184897,T+I+A+G+O+t+e+n+N,0,1,26,1897
2184898,Alber7o,0,1,81,1669
2184899,gabrielgalego,0,1,82,1667
2184901,TeAnikilo,0,1,178,1586
2184902,ChloeGraceMoretz,0,1,26,1898
2184908,minion2034,0,1,138,1614
2184909,gabrielgalego3800,0,1,26,1899
2184910,A.c.maximiano,0,1,32,1744
2184912,Sr+Platano,200,1,1212,1054
2184915,dannymir97,0,1,201,1565
2184916,Legna,0,1,124,1625
2184919,Destro%C3%A7ador20,0,1,26,1900
2184920,Cabezadevaca,0,1,1017,1108
2184924,zack19,0,1,54,1702
2184925,Invitado184925,0,1,117,1632
2184926,Abril,0,1,86,1659
2184927,Ismanu2910,0,1,26,1901
2184928,Monoera,0,1,303,1445
2184932,-%3DJ+sz+B%3D-,0,1,823,1189
2184933,ScraperP,259,1,1408,1000
2184936,Timdoor,0,1,26,1902
2184937,Ilegaldie,204,1,1188,1060
2184938,Invitado2000,259,1,1440,992
2184939,xEMPRESS,0,1,61,1691
2184940,Chejote,0,1,26,1903
2184941,avermonguar,0,1,126,1623
2184943,deepvagu3,0,1,1995,856
2184944,brinonbogen,0,1,1988,864
2184945,wickbrann7,0,1,1982,870
2184946,vindmantle,0,1,1916,896
2184947,Spire+White,0,1,2080,828
2184948,knokkelmori,0,1,2012,845
2184949,quillFugl,0,1,1988,865
2184950,Fuego+Wick,0,1,2012,846
2184951,mrVineFjell,0,1,1982,871
2184952,MuroGarra,0,1,2074,872
2184953,onyxrittmort,0,1,1982,873
2184954,trotzcuervo9,0,1,2087,857
2184955,rojocask,0,1,1916,897
2184956,duna-hono7,0,1,1982,874
2184957,hammerglass,0,1,1982,875
2184958,st4lkpyre,0,1,1988,866
2184959,schnellkuorscar59,0,1,2019,849
2184960,howlhund4,0,1,1982,876
2184961,CabrerAntrax,0,1,68,1683
2184962,h1erroskygge,0,1,2012,847
2184963,hollowZang,0,1,1982,898
2184964,LoupWildWhite,0,1,2096,851
2184965,nochxwither,0,1,2019,852
2184966,shroud9,0,1,1982,899
2184967,xzangetsu5,0,1,2004,885
2184968,ashon89,0,1,1982,900
2184969,FolhaSchnell,0,1,2010,850
2184970,derglass,0,1,1949,886
2184971,llamaxhush,0,1,2004,858
2184972,penhascous,0,1,1995,859
2184973,Ebon+Raid,0,1,1982,877
2184974,krieg02,0,1,56,1697
2184975,quarryt4ngle,0,1,2048,832
2184976,briarkurocuch,0,1,2110,826
2184977,yukiwache8,0,1,2012,848
2184978,desertoYama,0,1,2096,853
2184979,ztjernetide1,0,1,2004,860
2184980,smokeTorch,0,1,1995,861
2184981,grimtronco,0,1,2027,841
2184982,fl3uvekaze,0,1,1982,878
2184983,rokcia4,0,1,1916,901
2184984,pyreusquarry,0,1,1982,879
2184985,cony77,0,1,1327,1019
2184986,derdragao,0,1,1982,880
2184987,corvo.root,0,1,1982,881
2184988,nicovich5,260,1,549,1327
2184989,fiammatetsu,0,1,1988,882
2184990,santanyi,0,1,44,1728
2184991,reefEspada,0,1,2004,862
2184992,Kalope01,271,1,795,1199
2184993,Blaiker,0,1,509,1340
2184995,Invitado184995,0,1,298,1452
2184996,Kaniel+Outis,0,1,26,1904
2184997,Dorn,0,1,214,1545
2184999,papablazy,0,1,75,1675
2185000,axxs,0,1,1177,1064
2185001,Viriat0,73,1,978,1136
2185002,emigt,204,1,899,1170
2185003,arniux,0,1,49,1712
2185004,Paketero,0,1,166,1599
2185005,AlexViking,41,1,621,1285
2185007,Sirr,0,1,45,1723
2185008,deathcorexxx,0,1,545,1332
2185010,Chiwi,260,1,887,1173
2185012,Axelhammer,35,1,1252,1050
2185014,Angelirola,0,1,53,1705
2185015,sangoten,0,1,26,1905
2185025,Invitado185025,0,1,75,1676
2185038,Klagenfurt,0,1,39,1734
2185039,tambete,0,1,740,1232
2185040,pedro15,0,1,26,1906
2185087,Thankard,221,1,736,1227
2185088,alejandrxrc,0,1,573,1309
2185095,Hugo1110942737477,0,1,26,1907
2185100,juanito33,0,1,204,1558
2185113,riske,0,1,26,1908
2185115,Alocer,250,1,338,1429
2185116,Romero71,0,1,268,1477
2185139,Crimetime,0,1,218,1540
2185140,jern18wild,0,1,1014,1109
2185141,acier.yama,0,1,977,1138
2185142,fjorden,0,1,1046,1110
2185143,thekitsune2,0,1,977,1139
2185144,jern8aquila,0,1,1018,1126
2185145,derridge9,0,1,899,1165
2185146,cinder21foudre,0,1,1014,1111
2185147,CorbeauQuill,0,1,1046,1112
2185148,7hrush1ld,0,1,1046,1097
2185149,krieburg,0,1,56,1698
2185150,xshadow79,0,1,1046,1098
2185151,cielo-corvo,0,1,1063,1094
2185152,RimeSpur,0,1,883,1171
2185153,nebelwashi,0,1,1046,1113
2185154,c1elo0rm,0,1,1026,1107
2185155,theArenaBrine,0,1,1046,1114
2185156,darkwolke36,0,1,1022,1115
2185157,brum3n0ir,0,1,869,1182
2185158,Echo.Foudre,0,1,977,1140
2185159,HollowRime,0,1,977,1141
2185160,aranha.hoshi,0,1,1014,1116
2185161,Lua.Colline,0,1,1026,1104
2185162,neoPyreMork,0,1,977,1151
2185163,xTuskKalt,0,1,1046,1099
2185164,elVineFleuve,0,1,1046,1117
2185165,Aco+Kamp,0,1,1046,1118
2185166,areiaus58,0,1,1014,1119
2185167,TrovaoSentry52,0,1,1046,1120
2185169,Neocrusader,0,1,354,1421
2185171,Bramble+Coltello,0,1,662,1261
2185173,darktallow2,0,1,665,1268
2185174,fuen7equiv3r,0,1,617,1288
2185197,Ethelwulf,0,1,760,1223
2185198,Decxos,0,1,32,1745
2185199,MaureX,0,1,564,1329
2185201,Hugik0,0,1,552,1323
2185202,acb.88,0,1,70,1681
2185203,Blink94,0,1,50,1710
2185205,pokerokr,0,1,54,1703
2185206,boltynkokoro,0,1,612,1304
2185207,colleflint88,0,1,643,1289
2185208,Gorge+Flint,0,1,665,1269
2185210,hamm3rfumaca,0,1,678,1251
2185219,Saadsa,0,1,34,1737
2185237,Orbit69,0,1,54,1704
2185242,AigleCeniza,0,1,612,1293
2185245,BlutBleakHimmel,0,1,643,1290
2185246,darkcuervo84,0,1,617,1291
2185248,Montanha.Orage,0,1,697,1257
2185249,mirk,41,1,184,1580
2185250,Mikezodape,0,1,60,1692
2185256,Arvore-Granite,0,1,692,1258
2185258,DonnerFableFarol,0,1,678,1252
2185259,ArthurP01,0,1,285,1464
2185260,garraArbre,0,1,714,1237
2185262,bogenx7,0,1,674,1270
2185263,knot-brasa,0,1,643,1271
2185265,Hiver+Kuro,0,1,612,1294
2185268,Gustavocid,0,1,300,1450
2185272,korinuitbouc,0,1,643,1272
2185275,huskrelampago,0,1,612,1305
2185277,himmelfiamma25,0,1,662,1262
2185278,Bruuu,0,1,26,1909
2185279,babello+de+ovino,0,1,26,1910
2185280,Toby3000,2,1,1018,1127
2185307,Zerkhan,0,1,26,1911
2185330,coors,0,1,302,1447
2185332,Killuminati,0,1,26,1912
2185333,fer+cara+floja,0,1,32,1746
2185334,sasasaa,0,1,38,1735
2185336,MapuntadeBridgewatch,0,1,32,1747
2185337,chinwi,0,1,57,1695
2185338,BenaMan,0,1,26,1913
2185339,DaliaVolcan,0,1,235,1505
2185345,Slappy,0,1,26,1914
2185349,Emilioelgarras,0,1,26,1915
2185356,Invitado185356,0,1,26,1916
2185367,kenshikiller,200,1,453,1371
2185381,mestro7,0,1,333,1431
2185382,langeldanielllllllll,241,1,361,1419
2185383,SeShermans,0,1,26,1917
2185387,Invitado185387,0,1,26,1918
2185399,sayolin+kiuneh,0,1,91,1653
2185402,GuilleMateo,0,1,487,1352
2185408,Boobout,0,1,178,1587
2185442,Cuervo+de+Hierro,0,1,26,1919
2185462,Strangehuman,0,1,49,1713
2185464,Invitado185464,0,1,26,1920
2185466,blabb44,0,1,26,1921
2185476,PicaMinas,0,1,221,1534
2185509,Mrpsycho,0,1,26,1922
2185543,Invitado185543,0,1,26,1923
