11935,1791157590,2135867,2180139
18486,1791157637,1969944,951401
8119,1791157802,2179568,0
12424,1791158667,2180139,2135867
13375,1791158790,1998599,2170748
5194,1791158956,2097777,1229744
5638,1791159126,2097777,2097777
14130,1791159337,1993684,0
13827,1791159830,1888291,1731373
6976,1791159885,1169034,1483240
5194,1791160088,2097777,2097777
8495,1791160405,537774,2179943
8495,1791160405,537774,537774
18327,1791160842,7269,0
5638,1791161752,1229744,2097777
18987,1791162441,5206,0
3316,1791163466,2179943,1981490
638,1791163689,2179996,2179996
638,1791163830,2177554,2179996
638,1791163869,2179996,2177554
18858,1791164708,35585,0
5638,1791165246,2097777,1229744
16898,1791165707,2180410,1483240
5112,1791165999,156480,0
8404,1791166160,2179568,0
18634,1791166352,1964159,1918747
18634,1791166663,1964159,1964159
4981,1791166899,2179636,1880702
7127,1791167085,1833730,2126119
16661,1791167249,1911553,2179996
1292,1791167276,1911553,2179465
10986,1791167340,1577430,0
9095,1791167548,2179568,0
3970,1791167774,1617877,2097777
12772,1791167780,1577430,0
13486,1791168094,1888291,0
4809,1791168984,848882,848882
1202,1791169438,1987940,2179606
1262,1791171057,2179684,2170748
16281,1791171860,153216,1483240
19005,1791172142,2136214,0
8099,1791172330,1617877,2179966
12234,1791172353,2135867,2180139
11425,1791173853,2042518,2180139
11460,1791173905,1888291,1731373
12209,1791174180,1420391,0
7356,1791176190,1420391,34
11605,1791176230,47967,2180139
2268,1791176448,347247,2180139
12424,1791177015,2135867,2180139
18963,1791177165,1152489,0
4006,1791177250,1617877,2179996
4006,1791177250,1617877,1617877
6738,1791177300,2110410,2179954
13442,1791177342,1915106,2179466
5070,1791177905,2004903,2145582
11459,1791178242,2179568,0
1451,1791178272,2179684,2097777
10478,1791178424,1420391,0
4982,1791178770,31459,2179606
4982,1791178770,31459,31459
6860,1791178907,837378,0
328,1791179555,2004903,2145582
4584,1791179826,537774,2179996
9415,1791180082,1420391,0
11301,1791180104,2135867,2180139
7914,1791181496,1617877,2179996
7914,1791181497,2179996,1617877
2268,1791181739,2030750,347247
7450,1791182099,2179636,1854568
6738,1791183109,2179943,2110410
6738,1791183129,2179943,2179943
5060,1791183391,1749444,2097777
7914,1791184643,1617877,2179996
9298,1791184942,1833730,0
2553,1791185170,1299883,2180105
14431,1791185249,2179969,0
10912,1791185262,7269,83966
7436,1791185678,1833730,1483240
1301,1791185818,848882,2145582
12350,1791185880,2135867,2179875
16635,1791185994,1854568,0
19065,1791186018,2137132,0
7450,1791186177,1987940,2179636
7450,1791186177,1987940,1987940
7450,1791186177,1987940,1987940
7450,1791186177,1987940,1987940
5060,1791186428,2097777,1749444
10108,1791186443,153216,1091882
5060,1791186488,2097777,2097777
2411,1791186601,2179684,0
5594,1791186722,1617877,2179606
887,1791187108,2102750,0
13594,1791188082,2135867,2180139
227,1791188490,49616,2170748
12350,1791188762,2135867,2135867
545,1791188941,1827900,2179996
363,1791189090,2110410,0
7386,1791189703,2179943,2179684
10350,1791190275,1299883,0
11090,1791191553,1169034,0
10817,1791191618,325679,2179870
12320,1791191635,2177554,2180139
1442,1791192035,49616,2170748
6923,1791192815,2179943,2179684
13147,1791192889,2135867,2179875
6750,1791192924,2179943,2179684
7005,1791193030,2179943,2179684
6560,1791193211,1617877,2179954
16863,1791193313,325679,2174202
207,1791193453,2177554,0
9059,1791193979,1420391,0
5431,1791194038,2177554,2179606
7386,1791194401,2179684,2179943
13336,1791194628,2135867,2180139
7386,1791194650,2179943,2179684
7674,1791195174,1993684,2102750
16404,1791195296,1577430,0
4126,1791195385,2048251,0
11901,1791196305,2180410,0
9152,1791196651,38188,0
6923,1791197020,2179943,2179943
6923,1791197020,2179943,2179943
13268,1791197462,1888291,2179466
10519,1791197827,1946933,0
6560,1791197837,1617877,1617877
14696,1791198011,2179627,0
2268,1791198190,347247,2030750
18984,1791198869,2041768,0
12329,1791199110,1911553,2180139
1482,1791199323,2172838,1981490
16158,1791199553,1169034,0
16158,1791199553,1169034,1169034
14838,1791199802,7269,0
19085,1791200210,2179969,0
18846,1791200269,5206,0
4528,1791200351,2136214,0
12284,1791200679,1993684,0
7450,1791201235,2179636,1987940
7386,1791201776,1617877,2179943
7386,1791201811,2179943,1617877
19062,1791201812,5206,0
303,1791202424,2172838,1981490
11811,1791202545,1993684,2102750
1451,1791202892,1749444,2179684
12270,1791203380,2135867,2180139
11542,1791203398,2135867,2179875
8161,1791203449,944051,0
4680,1791203561,1050151,0
12575,1791203948,1998599,2170748
5787,1791204186,2179568,0
11667,1791204514,1169034,0
12596,1791204671,2135867,2180139
1451,1791204705,2097777,1749444
7386,1791204853,1617877,2179943
6923,1791204943,2179943,2179943
6923,1791204950,2179943,2179943
7386,1791205303,2179943,1617877
1321,1791205745,2179568,0
1451,1791205790,2179684,2097777
2257,1791205793,2004903,2145582
7386,1791207105,2179684,2179943
5695,1791207212,2048251,0
7386,1791207501,2179943,2179684
7386,1791207508,2179943,2179943
6044,1791208375,2179684,2145582
7216,1791209020,1169034,1483240
2125,1791209348,2177554,1022419
11409,1791209581,2179568,0
18652,1791210192,35585,2034967
8999,1791210496,1833730,0
7728,1791210644,2180063,2180063
17852,1791210865,2180410,2083788
9969,1791211082,1041417,1483240
1482,1791211208,137431,2172838
12311,1791212220,1888291,34
19188,1791212308,1152489,0
7842,1791212582,2180105,0
19097,1791212905,1964159,0
12566,1791212927,2179568,0
10609,1791213267,1420391,0
19158,1791213601,35585,0
9443,1791214238,1169034,0
13897,1791214284,1774259,2124403
11053,1791214716,1998599,0
12527,1791215501,2180139,2180139
4736,1791215866,1810477,1856794
10987,1791215866,2135867,2180139
3485,1791215960,2048251,0
9512,1791216021,1420391,0
4624,1791216048,1946933,0
13747,1791216146,1774259,2124403
3912,1791216829,862456,0
303,1791216976,137431,2172838
17840,1791217099,153216,0
1482,1791217187,2172838,137431
7386,1791217825,1617877,2179943
1225,1791217897,1810477,1856794
19023,1791219132,1964159,0
4624,1791219423,156480,1946933
11513,1791219860,47967,2180139
6837,1791220674,1833730,2126119
1397,1791220773,2004903,2145582
4070,1791220853,2100260,0
1451,1791221370,2097777,2179684
8939,1791221463,1299883,0
1451,1791221489,2179684,2097777
1451,1791221489,2179684,2179684
10389,1791221834,325679,2179870
2901,1791222119,1050151,0
1482,1791222805,2172838,2172838
17036,1791223060,153216,0
19125,1791223484,1964159,0
14034,1791223889,875478,0
1482,1791224091,137431,2172838
19172,1791224929,2179969,0
1124,1791225804,553065,2004903
1839,1791226323,1888291,2179606
4338,1791226451,1617877,2097777
1151,1791226690,156480,0
8611,1791227052,153216,2077224
3601,1791227165,2004903,2145582
12346,1791227467,1606106,0
12346,1791227467,1606106,1606106
4946,1791227541,2097777,2097777
8232,1791227814,1169034,1483240
10918,1791228304,1041417,1483240
10918,1791228304,1041417,1041417
13150,1791228970,1617877,2179606
12877,1791229452,1888291,2179466
7896,1791229767,2177554,1022419
11934,1791230322,1888291,1731373
2519,1791231463,2004903,2170748
7814,1791231480,1833730,1483240
16241,1791231936,2180410,0
19092,1791231986,2175236,0
19092,1791231986,2175236,2175236
19218,1791232726,572504,0
7460,1791233093,944051,0
10068,1791233330,1299883,0
16701,1791234144,663520,0
10352,1791235001,1299883,0
4152,1791235059,1617877,2097777
8931,1791235429,38188,0
5918,1791235458,492721,2179966
5918,1791235458,492721,492721
12093,1791235728,2135867,2180139
5987,1791237550,156480,0
14847,1791237670,1577430,0
4501,1791238662,2088720,2118197
7814,1791238758,1833730,1833730
7601,1791238936,2179568,0
10378,1791238949,1827900,0
19029,1791238953,2013143,0
10556,1791238957,1827900,1091882
16065,1791240290,1577430,0
16065,1791240290,1577430,1577430