97,34,8968369
28,54,21319213
133,190,5460169
200,266,2286184
144,644,4576711
340,645,78274
390,760,3505
256,813,773360
153,1031,4216905
325,1659,111166
411,1924,12
284,2104,406274
237,2426,1108070
149,5206,4512033
49,7269,14801865
311,7365,226565
349,9312,48019
231,10553,1301777
280,10764,473003
385,22529,5498
399,28243,885
23,31459,24462589
44,35585,15997898
168,38188,3156998
83,47967,10089154
55,49616,13692924
129,83966,5638138
408,116702,149
305,123364,247299
32,137431,20162797
257,144527,770374
30,145122,20777691
199,149302,2314920
73,153216,11589095
85,156480,9952458
293,184307,333145
180,186634,2864589
34,189413,19415181
141,193545,4954553
184,202091,2759264
123,202835,5898017
171,222751,3139450
315,238040,199912
59,240304,13129484
241,247494,1005999
274,262910,507531
298,265281,304827
326,294778,108177
122,302869,5996441
335,311533,86836
304,312708,258782
46,325679,15014966
118,347247,6137276
174,371560,3113891
337,460649,82706
15,492721,32201293
382,531777,11869
70,537774,11985289
371,550454,18812
54,553065,14288737
320,572504,153679
233,577826,1247148
268,629297,613068
314,663520,216947
235,665308,1189283
405,685863,217
182,689953,2827103
306,708726,244355
387,719468,4642
158,781658,3862532
374,783798,16531
415,835134,3
69,837378,12073666
270,843253,565707
12,848882,34202814
135,862456,5363983
332,875478,91997
381,911726,11880
273,912799,508632
416,913250,2
29,933357,21142530
40,944051,16335946
328,949693,99472
225,951401,1483046
303,970286,269618
53,975475,14304292
348,978034,56607
99,1009265,8909891
369,1013969,19855
67,1022419,12369295
302,1028035,271447
378,1040712,13186
8,1041417,38754477
1,1050151,52709317
380,1051979,11904
77,1075536,11269673
100,1091882,8853008
148,1097072,4514871
96,1107872,9022210
413,1124356,4
111,1132628,6762169
342,1146818,68774
131,1152489,5503710
9,1169034,37724607
108,1178523,6981946
313,1184145,217260
220,1186212,1640432
412,1193040,6
350,1216380,45038
65,1229744,12464080
136,1280418,5238367
88,1299883,9824045
181,1310137,2848376
186,1320170,2677047
251,1321682,878041
321,1325175,131661
294,1344475,323636
281,1344786,467754
275,1351573,506813
66,1390210,12463392
263,1405084,648949
401,1415537,714
383,1419343,10469
2,1420391,51379084
322,1423677,112418
355,1434418,38084
224,1451906,1493016
398,1472448,929
389,1476089,4180
43,1483240,16089548
145,1491798,4546741
71,1498879,11725068
192,1514905,2592084
110,1516949,6881347
127,1577430,5698469
159,1577451,3800223
341,1579889,74338
189,1589949,2641146
62,1606106,12620322
50,1611699,14771381
42,1617877,16221216
217,1619606,1737769
364,1624188,23843
287,1624952,393333
223,1629978,1504154
175,1638669,3109444
163,1651308,3446726
370,1652831,19262
213,1660298,1925887
114,1675808,6557429
216,1679961,1830954
143,1682534,4595056
283,1691091,437597
121,1695175,5998941
150,1696964,4458766
197,1701153,2336129
404,1706374,322
299,1721928,301392
37,1722419,16959925
312,1723176,224173
202,1724130,2229468
94,1731373,9235583
218,1734443,1696234
146,1736828,4543928
95,1745999,9139685
41,1747712,16264454
219,1748648,1659424
249,1749417,886161
93,1749444,9331069
407,1749963,161
151,1762817,4434886
307,1766388,242273
35,1774259,18603887
92,1783692,9581436
386,1784555,5443
11,1790251,35015252
72,1810477,11634970
334,1819308,87803
14,1827900,32851382
4,1833730,50505655
119,1843102,6063988
63,1854568,12587218
261,1855507,674428
90,1856794,9678475
109,1880702,6906390
10,1888291,36018029
409,1889044,39
255,1891510,820574
266,1894149,622751
262,1895629,664979
221,1897377,1558362
296,1897998,310771
31,1911553,20290373
78,1915106,10681729
395,1918747,2341
115,1922514,6410193
13,1936831,32907489
157,1940858,3893402
290,1946545,354928
80,1946933,10661519
36,1951509,17569793
194,1951772,2516388
240,1958617,1018726
317,1960055,177874
196,1963398,2454805
120,1964159,6002162
126,1964787,5788412
107,1969944,7033205
106,1979860,7143072
188,1980091,2664714
24,1981490,24307035
3,1982595,50696114
343,1986226,62305
232,1986927,1247693
112,1987940,6755203
396,1991349,2000
178,1993684,3017942
344,1994337,61033
319,1994940,163070
45,1998599,15358666
236,2000812,1137628
27,2004903,21620431
292,2010115,333451
57,2013143,13395513
346,2014236,58111
64,2015768,12583638
179,2020623,2873026
124,2025956,5871467
117,2027527,6250410
79,2028170,10679479
81,2030750,10348341
333,2034910,88108
227,2034967,1440049
18,2036967,30238950
310,2041768,228367
98,2042518,8959603
210,2043077,1988396
105,2045479,7224011
76,2045489,11337716
84,2045759,10057238
17,2048251,30341473
164,2053673,3435151
363,2055242,26043
183,2055885,2787657
356,2056942,35006
417,2058795,2
140,2059063,5015302
51,2060287,14755313
25,2061432,23613654
137,2062192,5194953
285,2062753,405261
247,2072050,921637
295,2072629,321509
354,2075590,38896
19,2077224,29898206
243,2078371,979144
384,2079911,5728
211,2081698,1972376
226,2083507,1445685
91,2083788,9599956
103,2084332,7692950
222,2087974,1527313
187,2088720,2674281
282,2090629,450963
245,2090921,943076
82,2090977,10285031
75,2091936,11459823
60,2092837,13064396
358,2095032,32538
373,2096365,18032
238,2097219,1084431
191,2097777,2610851
87,2098940,9832081
16,2100260,31829169
403,2102165,456
116,2102750,6335933
392,2105233,2993
253,2106421,822280
248,2106685,888781
58,2106805,13251867
264,2109652,632740
22,2110410,27171214
198,2112320,2330129
394,2113353,2693
300,2115680,286721
47,2115949,14926780
410,2116604,14
252,2117033,823900
230,2118135,1343815
208,2118197,2025492
393,2119184,2849
74,2122269,11554126
89,2124403,9737670
113,2126048,6732845
52,2126119,14640755
130,2126990,5526198
388,2127652,4435
265,2131441,629313
195,2131628,2504417
336,2131767,86540
267,2135237,619602
125,2135867,5863584
316,2135995,191887
352,2136021,41002
48,2136214,14812736
301,2136273,285854
323,2136708,112027
277,2137132,494901
244,2137186,943908
414,2137188,4
214,2139142,1894229
360,2141000,27527
379,2141578,13140
400,2141813,784
139,2142037,5043599
190,2142229,2616796
271,2142802,543656
68,2145267,12130016
367,2145367,22183
185,2145561,2736625
86,2145582,9899224
101,2170748,8674072
259,2171434,749101
330,2172065,94615
250,2172216,878302
288,2172610,386915
134,2172761,5446967
56,2172838,13518186
297,2173040,310577
258,2173364,753699
260,2173804,742158
104,2174202,7423849
165,2174472,3413913
204,2174904,2058403
228,2174905,1430711
138,2174932,5122974
329,2175100,97443
162,2175174,3487841
242,2175236,992543
154,2175357,4101077
318,2175542,174542
286,2175784,401104
193,2176008,2560363
254,2176348,820581
327,2176707,102052
308,2176735,232873
234,2176830,1237072
289,2176997,371139
203,2177102,2226933
229,2177104,1362427
176,2177105,3106016
201,2177122,2264391
309,2177166,232654
406,2177342,195
324,2177379,111822
7,2177554,39762167
347,2177914,57725
272,2179030,530009
279,2179037,483592
353,2179326,39676
246,2179433,941371
177,2179465,3050715
102,2179466,8076270
160,2179488,3597106
33,2179568,19421702
207,2179605,2026874
169,2179606,3155643
372,2179612,18437
152,2179627,4247309
206,2179636,2046613
26,2179684,22645422
156,2179769,3980796
20,2179802,28283438
331,2179807,94476
61,2179828,12845831
147,2179847,4534378
6,2179870,43706253
166,2179875,3382982
142,2179943,4819613
128,2179954,5661120
172,2179957,3138372
205,2179966,2049099
269,2179969,574972
167,2179975,3246847
132,2179996,5501199
5,2180005,48027554
170,2180063,3143102
38,2180105,16814874
345,2180111,60437
338,2180125,81714
155,2180139,4089839
359,2180151,29875
212,2180201,1940676
361,2180204,27081
173,2180211,3132301
39,2180246,16485383
368,2180396,20503
21,2180410,27296738
366,2180642,23122
362,2180803,26512
215,2180829,1866816
239,2180938,1080564
291,2181102,343807
357,2181182,33409
397,2181209,1523
276,2181217,496610
161,2181289,3527819
278,2181338,486350
209,2181345,2023141
375,2181691,14215
418,2181708,2
351,2182340,42283
365,2182351,23193
377,2182610,13824
402,2182836,562
376,2183217,14160
419,2184259,2
391,2184320,3018
339,2184325,80174
