68,34,2950344
24,54,4962313
98,190,2091813
174,266,504708
53,644,3462948
283,645,1694
243,813,42083
87,1031,2485188
228,2104,88542
271,2426,8501
124,5206,1407259
158,7269,763165
247,7365,35235
306,9312,1
259,10553,13958
275,10764,5460
131,31459,1267885
3,35585,11208280
121,38188,1516851
112,47967,1732988
75,49616,2763631
172,83966,541063
138,137431,1180215
137,145122,1182850
246,149302,37466
95,153216,2166908
36,156480,4388824
120,186634,1543049
157,189413,785866
74,193545,2822120
179,202091,402567
26,202835,4621202
199,222751,230923
50,240304,3636125
43,302869,3947241
267,312708,10550
16,325679,6386721
72,347247,2875431
168,371560,610692
9,492721,8713488
281,531777,2621
52,537774,3465896
293,550454,443
155,553065,849998
270,572504,9692
288,577826,658
295,629297,362
176,665308,461615
132,689953,1264733
56,781658,3415865
294,783798,414
12,837378,7642114
305,843253,2
62,848882,3131364
35,862456,4397362
10,933357,8699341
147,944051,994429
57,975475,3407160
108,1009265,1878440
94,1022419,2183039
308,1040712,0
1,1041417,30843808
126,1050151,1324983
19,1075536,5864042
20,1091882,5543649
101,1097072,1971645
150,1107872,905225
25,1132628,4876897
292,1146818,504
32,1152489,4507647
47,1169034,3701705
116,1178523,1648853
257,1186212,14693
61,1229744,3131956
82,1280418,2546620
70,1299883,2900842
117,1310137,1633693
134,1320170,1250185
186,1321682,335111
206,1344475,196582
204,1344786,207347
194,1351573,263241
171,1390210,558792
210,1405084,168717
110,1420391,1864273
290,1434418,535
148,1451906,973234
29,1483240,4549360
77,1491798,2744501
22,1498879,5126502
153,1514905,864962
152,1516949,865260
84,1577430,2512422
181,1577451,389052
264,1589949,11222
14,1606106,7502065
23,1611699,5036029
8,1617877,8730313
229,1619606,87898
201,1624952,218933
196,1629978,245553
145,1638669,1015213
141,1651308,1068466
200,1660298,226176
92,1675808,2241016
178,1679961,411776
195,1682534,247698
163,1695175,677323
85,1696964,2505442
284,1701153,1405
287,1721928,681
37,1722419,4329287
130,1724130,1281080
162,1731373,719770
223,1734443,108236
49,1736828,3660503
175,1745999,467393
151,1747712,891667
149,1748648,962172
255,1749417,16873
34,1749444,4443557
113,1762817,1670898
253,1766388,21078
58,1774259,3384921
123,1783692,1479191
48,1790251,3694882
54,1810477,3433748
272,1819308,6962
143,1827900,1021837
33,1833730,4447309
115,1843102,1656594
27,1854568,4616420
226,1855507,94168
161,1856794,731338
136,1880702,1220706
88,1888291,2406132
240,1891510,54744
192,1894149,271640
277,1895629,5125
217,1897377,124181
6,1911553,10272252
105,1915106,1906528
298,1918747,232
222,1922514,110386
21,1936831,5311914
177,1940858,421150
55,1946933,3420128
125,1951509,1363971
239,1951772,56059
166,1958617,635428
279,1960055,3381
202,1963398,215943
69,1964159,2904481
159,1964787,761272
81,1969944,2578818
91,1979860,2251173
156,1980091,846588
135,1981490,1238604
17,1982595,6238844
269,1986226,10026
211,1986927,157997
119,1987940,1595912
99,1993684,1993184
266,1994940,10574
4,1998599,11109572
225,2000812,103819
96,2004903,2151303
237,2010115,60825
11,2013143,8236273
300,2014236,78
66,2015768,3038455
111,2020623,1766066
142,2025956,1063864
97,2027527,2133838
89,2028170,2390109
44,2030750,3897057
180,2034967,400304
64,2036967,3075190
45,2042518,3835883
140,2043077,1124562
122,2045479,1500055
102,2045489,1969235
76,2045759,2746468
5,2048251,10555358
65,2053673,3056767
83,2055885,2518504
79,2059063,2616893
164,2060287,649146
93,2061432,2198394
133,2062192,1263556
297,2062753,233
208,2072050,177868
42,2077224,3992462
160,2078371,754137
109,2081698,1868989
224,2083507,108090
67,2083788,2957280
128,2084332,1317666
188,2087974,331981
165,2088720,644202
129,2090977,1303499
15,2091936,6414013
144,2092837,1015474
289,2095032,544
234,2097219,70091
127,2097777,1323403
28,2098940,4559099
80,2100260,2581660
31,2102750,4539969
185,2106421,346339
2,2106805,12185479
107,2110410,1893851
154,2112320,855144
260,2115680,12878
46,2115949,3799209
220,2118135,111807
285,2118197,972
146,2122269,994791
60,2124403,3246119
187,2126048,334326
30,2126119,4546456
263,2126990,11453
307,2127652,0
245,2131441,40482
273,2135237,6262
41,2135867,4112485
258,2135995,14407
276,2136021,5282
59,2136214,3265516
274,2136273,6016
278,2136708,4438
248,2137132,30583
256,2139142,15499
100,2142037,1984659
250,2142229,26191
286,2142802,717
106,2145267,1895110
104,2145561,1920688
86,2145582,2505298
71,2170748,2885138
299,2171434,96
233,2172216,78865
254,2172761,17232
63,2172838,3083885
244,2173364,41301
182,2173804,382211
39,2174202,4286447
213,2174472,142702
118,2174904,1613050
198,2174905,232963
38,2174932,4304340
215,2175174,133831
183,2175236,381206
90,2175357,2329456
221,2175542,111769
262,2175784,12155
249,2176008,27403
232,2176348,81731
291,2176707,528
302,2176735,21
265,2176830,10833
261,2176997,12549
238,2177102,57778
235,2177104,65722
241,2177105,52618
296,2177122,327
280,2177379,2913
13,2177554,7640346
197,2179030,243506
303,2179326,17
169,2179465,595068
227,2179466,91865
207,2179488,194604
78,2179568,2741185
212,2179605,156656
189,2179606,308820
139,2179627,1142136
205,2179636,206198
170,2179684,560549
231,2179769,83684
40,2179802,4197103
282,2179807,1940
7,2179828,9262968
173,2179847,526753
51,2179870,3481616
209,2179875,173346
230,2179943,85409
184,2179954,368153
193,2179957,269409
203,2179966,210476
167,2179969,613120
114,2179975,1667834
214,2179996,142227
191,2180005,299458
216,2180063,124885
103,2180105,1926990
304,2180125,3
219,2180139,112886
268,2180151,10461
218,2180201,116061
236,2180211,63781
73,2180246,2855208
18,2180410,6124145
190,2180829,300822
301,2180938,24
252,2181289,21609
242,2181338,42855
251,2182340,24559
