32,1,486482
16,2,5546445
17,3,3769434
31,6,545845
7,8,88319370
38,9,266057
18,12,3494224
1,13,946508134
28,14,615652
13,20,12426629
10,22,29286784
5,27,253930657
2,32,625423423
34,36,421722
12,38,15653204
4,45,314335344
22,53,1718369
8,54,80778711
24,60,996160
20,74,3049869
9,79,80116907
6,80,169264567
35,91,343415
3,98,381428809
14,105,10150736
36,128,311980
33,134,480572
19,135,3331759
40,158,144210
27,165,657669
44,207,76224
21,213,2334637
25,221,942830
45,242,51467
51,246,1559
11,248,17486357
15,253,7682627
47,256,17207
50,258,1562
26,259,754754
30,265,600085
41,267,100652
29,271,613485
37,272,288702
43,273,78684
48,274,11904
53,275,6
42,276,85278
39,277,172937
49,279,5911
46,281,24077
23,282,1669839
52,284,21
