58,34,5193466
91,190,3576226
127,266,1917375
172,644,706976
131,1031,1814758
201,2104,129789
222,2426,35911
95,5206,3349220
21,7269,10772545
205,7365,98462
275,9312,920
213,10553,55476
282,10764,377
251,22529,6359
28,31459,8661020
47,35585,5874601
140,38188,1542075
52,47967,5631402
83,49616,4036343
105,83966,2824529
99,137431,3134888
271,144527,1381
65,145122,4801629
240,149302,14952
31,153216,8056258
40,156480,6818741
264,184307,2654
71,189413,4676563
132,193545,1786299
136,202091,1673439
170,222751,778244
263,238040,2699
80,240304,4206577
231,262910,23789
293,265281,23
177,302869,541325
39,325679,7029450
104,347247,2906116
166,371560,827512
257,460649,4435
11,492721,12797585
34,537774,7754230
265,550454,2284
22,553065,10712915
247,572504,8545
221,577826,36583
194,663520,161853
173,665308,686199
134,689953,1731846
182,781658,380419
277,783798,815
114,837378,2375769
5,848882,14715989
148,862456,1287828
207,875478,76119
270,911726,1753
242,912799,14159
20,933357,10953686
69,944051,4761242
245,951401,11138
70,975475,4748576
165,1009265,840739
224,1013969,32324
106,1022419,2731072
266,1028035,2210
276,1040712,833
160,1041417,907497
32,1050151,7906115
110,1075536,2648630
96,1091882,3326727
167,1097072,827022
44,1107872,6230276
151,1152489,1143802
1,1169034,20398741
100,1178523,3061419
216,1186212,49242
230,1216380,24035
15,1229744,11938253
111,1280418,2469850
54,1299883,5599128
184,1321682,309742
243,1325175,11822
228,1344475,24978
195,1344786,155972
192,1351573,193682
203,1405084,118732
19,1420391,11156567
223,1451906,34007
43,1483240,6287269
141,1491798,1529405
193,1498879,179399
139,1514905,1549079
137,1516949,1578833
86,1577430,3836463
292,1579889,49
59,1606106,5129869
84,1611699,3888636
42,1617877,6628404
191,1619606,197993
225,1624952,30922
206,1629978,90503
154,1651308,1049926
135,1675808,1678254
143,1682534,1481621
157,1696964,965265
284,1706374,322
220,1721928,37246
261,1723176,2912
46,1731373,6151180
241,1734443,14718
117,1736828,2249410
144,1745999,1371911
128,1747712,1879884
185,1749417,307025
107,1749444,2718621
288,1749963,161
145,1762817,1361392
218,1766388,46872
37,1774259,7122178
126,1783692,1919754
267,1784555,1989
123,1790251,1971251
27,1810477,8743880
7,1827900,14377087
6,1833730,14463398
36,1854568,7144513
74,1856794,4479841
90,1880702,3655151
16,1888291,11507889
237,1891510,16613
255,1895629,5266
168,1897377,823251
14,1911553,12072743
79,1915106,4281408
291,1918747,51
33,1936831,7890937
152,1940858,1102529
93,1946933,3542316
9,1951509,13427168
189,1958617,251649
200,1960055,133890
229,1963398,24101
72,1964159,4590649
50,1964787,5671689
63,1969944,4870517
113,1979860,2384918
13,1981490,12088111
67,1982595,4776098
232,1986226,23044
158,1986927,961713
66,1987940,4776679
133,1993684,1745682
204,1994337,116083
219,1994940,37952
89,1998599,3792623
250,2000812,6950
12,2004903,12617970
202,2010115,129489
60,2013143,5122981
252,2014236,5911
38,2015768,7033855
155,2020623,1042253
116,2025956,2282170
98,2027527,3166087
41,2028170,6683241
81,2030750,4084081
35,2036967,7468321
280,2041768,760
78,2042518,4342405
178,2043077,504366
76,2045479,4387905
62,2045489,4889080
61,2045759,5114551
17,2048251,11471176
226,2055242,28663
211,2055885,61650
153,2059063,1077838
10,2060287,13198380
24,2061432,10171096
85,2062192,3874297
285,2062753,288
198,2072050,137035
2,2077224,15976369
190,2078371,228502
244,2079911,11556
269,2081698,1808
183,2083507,327742
51,2083788,5651983
146,2087974,1348158
120,2088720,2125399
286,2090921,253
171,2090977,740672
108,2091936,2717115
289,2095032,148
235,2096365,16858
164,2097219,848665
125,2097777,1943638
48,2098940,5778185
23,2100260,10384996
253,2102165,5534
122,2102750,2004748
159,2106805,922909
18,2110410,11197290
147,2112320,1295500
57,2115949,5213429
188,2118135,267770
186,2118197,301440
26,2122269,8856458
68,2124403,4770503
150,2126048,1268959
119,2126119,2151254
181,2126990,431974
294,2127652,15
256,2131441,4597
273,2135237,1121
109,2135867,2671267
259,2135995,3173
29,2136214,8653205
215,2136273,52080
210,2136708,64820
212,2137132,59687
175,2139142,622647
239,2141578,15406
283,2142802,326
124,2145267,1958183
268,2145367,1859
73,2145582,4567680
77,2170748,4386064
278,2171434,809
274,2172065,1098
196,2172216,145121
279,2172610,793
180,2172761,434067
56,2172838,5320124
187,2173804,288884
112,2174202,2401168
163,2174472,879508
179,2174904,444523
174,2174905,677605
162,2174932,887956
238,2175100,15762
236,2175174,16791
262,2175236,2740
149,2175357,1279194
217,2175542,47711
161,2176008,890795
249,2176707,7165
295,2176735,13
248,2176830,7356
233,2176997,18638
169,2177102,781796
208,2177104,68955
260,2177105,2924
209,2177122,67819
272,2177166,1205
287,2177379,248
4,2177554,15220985
214,2179030,53320
258,2179326,3337
281,2179433,461
129,2179465,1822882
87,2179466,3832744
30,2179568,8614188
142,2179605,1513858
121,2179606,2120919
115,2179627,2335712
94,2179636,3474303
25,2179684,9829210
101,2179769,2926272
45,2179802,6166972
227,2179807,28475
92,2179828,3542747
103,2179875,2911970
55,2179943,5332335
53,2179954,5599220
102,2179957,2916069
130,2179966,1817315
199,2179969,135305
138,2179975,1572923
64,2179996,4803739
118,2180005,2198040
75,2180063,4477453
49,2180105,5688816
82,2180139,4045458
176,2180201,581570
97,2180211,3234247
3,2180246,15255966
8,2180410,13702194
156,2180938,1017775
197,2181289,142147
88,2181345,3809162
246,2181910,11112
234,2182610,17147
254,2184325,5506
290,2184801,91
