14,2,1159123
17,3,320449
6,8,40396571
23,9,49719
18,12,103291
1,13,324249282
35,14,8312
11,20,2752239
15,22,1005188
3,27,108414192
2,32,199622600
21,36,62651
10,38,4002329
4,45,80224660
31,53,11138
8,54,29672459
30,60,12173
13,74,1924123
7,79,39897529
9,80,29279110
26,91,18458
5,98,64746810
16,105,576684
37,128,2912
34,134,8808
20,135,78367
28,158,17458
25,165,31497
36,187,8270
40,198,292
32,207,9342
24,242,42087
12,248,1969121
19,253,100181
29,256,16587
33,267,8911
39,271,809
27,272,17648
38,281,2014
22,282,57709
