175,34,825147
21,54,14957668
239,190,273833
286,266,100013
218,644,406787
298,645,76580
358,760,3505
186,813,684472
240,1031,271873
279,1659,111166
377,1924,12
256,2104,198273
160,2426,1063658
263,5206,170383
45,7269,6719398
290,7365,92868
316,9312,48018
150,10553,1232343
210,10764,467166
367,22529,1010
369,28243,885
19,31459,15453277
272,35585,133501
202,38188,505685
73,47967,3654418
34,49616,10788195
106,83966,2435521
375,116702,149
243,123364,243808
17,137431,16641042
179,144527,768993
20,145122,15287432
115,149302,2270428
77,153216,3424906
163,156480,1010908
228,184307,330491
238,186634,279058
22,189413,14762016
209,193545,479893
185,202091,686179
158,202835,1121315
118,222751,2130283
257,238040,197255
56,240304,5430661
166,247494,1005999
208,262910,483742
233,265281,304804
282,294778,108177
135,302869,1507875
292,311533,84879
71,325679,3908518
215,347247,422309
130,371560,1675687
297,460649,78271
26,492721,12588545
352,531777,9248
85,537774,3088932
340,550454,16085
72,553065,3893029
374,562305,178
270,572504,135442
155,577826,1209907
265,663520,165243
320,665308,41469
372,685863,217
258,689953,193275
242,708726,244355
355,719468,4536
303,781658,66248
341,783798,15302
381,835134,3
102,837378,2447873
14,848882,19628590
280,862456,109128
261,875478,173137
350,911726,10127
201,912799,508632
382,913250,2
122,933357,2049786
31,944051,11366800
287,949693,99472
125,951401,1830865
44,975475,7104061
312,978034,56637
49,1009265,6202830
345,1013969,13336
38,1022419,8719056
241,1028035,269237
346,1040712,12851
42,1041417,7838123
2,1050151,44835785
348,1051979,11904
81,1075536,3225980
199,1091882,528797
129,1097072,1716204
97,1107872,2492707
379,1124356,4
146,1132628,1303463
302,1146818,68270
305,1152489,64957
16,1169034,17552698
114,1178523,2271753
253,1184145,217260
132,1186212,1576497
378,1193040,6
318,1216380,45186
123,1229744,2002752
244,1280418,239238
105,1299883,2446464
159,1310137,1111682
245,1321682,233188
276,1325175,122896
284,1344475,102076
283,1344786,104435
315,1351573,49890
62,1390210,4942414
224,1405084,361500
370,1415537,714
349,1419343,10469
3,1420391,41464426
278,1423677,112418
324,1434418,37549
206,1451906,486814
368,1472448,929
357,1476089,4180
51,1483240,5884307
231,1491798,318783
47,1498879,6465889
200,1514905,512741
67,1516949,4437396
235,1577430,292011
101,1577451,2448377
299,1579889,74289
161,1589949,1035480
249,1606106,231366
52,1611699,5846716
83,1617877,3156192
137,1619606,1451878
268,1624952,143478
157,1629978,1168098
138,1638669,1404314
144,1651308,1328334
337,1652831,19262
204,1660298,498738
93,1675808,2638249
207,1679961,486639
89,1682534,2865737
212,1691091,437597
68,1695175,4287841
164,1696964,1010392
112,1701153,2334724
236,1721928,291961
46,1722419,6685937
252,1723176,221261
74,1731373,3630872
133,1734443,1573280
271,1736828,134085
43,1745999,7300553
24,1747712,14381885
195,1749417,562263
103,1749444,2446809
140,1762817,1402596
259,1766388,174323
35,1774259,10066086
50,1783692,6182492
359,1784555,3454
7,1790251,29349119
172,1810477,880343
295,1819308,80841
10,1827900,20462879
5,1833730,36322885
100,1843102,2450002
128,1854568,1725091
66,1856794,4498997
109,1880702,2379106
8,1888291,23549032
182,1891510,749217
317,1894149,46552
187,1895629,654588
181,1897377,754370
232,1897998,310771
191,1911553,613878
54,1915106,5472258
363,1918747,2058
61,1922514,4973914
9,1936831,22228275
111,1940858,2369723
57,1946933,5366017
63,1951509,4888106
107,1951772,2410811
273,1958617,131649
321,1960055,40603
116,1963398,2214761
288,1964159,93624
266,1964787,157278
217,1969944,408655
96,1979860,2509163
27,1981490,12227563
4,1982595,39681252
329,1986226,29235
274,1986927,127983
145,1987940,1312849
364,1991349,2030
353,1993684,8409
338,1994337,18946
277,1994940,114544
174,1998599,851438
162,2000812,1026859
32,2004903,10982953
269,2010115,143137
168,2013143,952579
314,2014236,52122
70,2015768,4084888
300,2020623,73222
80,2025956,3270497
156,2027527,1186138
94,2028170,2597738
108,2030750,2409272
184,2034967,691589
12,2036967,19888435
251,2041768,227607
151,2042518,1231861
223,2043077,365336
30,2045479,11407966
55,2045489,5462398
75,2045759,3566785
33,2048251,10910278
313,2053673,53075
296,2055242,80303
255,2055885,207557
326,2056942,35006
383,2058795,2
143,2059063,1328811
98,2060287,2484795
29,2061432,12072685
148,2062192,1271457
219,2062753,404740
193,2072050,606734
230,2072629,321509
25,2077224,13399878
351,2078371,9819
275,2081698,125082
165,2083507,1009853
141,2083788,1396933
310,2087974,58936
304,2088720,65342
170,2090921,942823
41,2090977,8407847
95,2091936,2579846
328,2095032,31846
366,2096365,1190
264,2097219,165675
124,2097777,1938979
197,2098940,547344
11,2100260,20179358
384,2102165,2
225,2102750,352327
361,2105233,2993
262,2106421,170771
254,2106805,214109
189,2109652,632740
18,2110410,16012808
222,2112320,373599
48,2115949,6394860
376,2116604,14
176,2117033,823900
167,2118135,964458
121,2118197,2050181
362,2119184,2849
92,2122269,2641305
76,2124403,3562958
58,2126048,5220146
39,2126119,8618024
59,2126990,5082771
356,2127652,4420
194,2131441,584234
291,2131767,86540
190,2135237,614663
226,2135867,342214
260,2135995,174307
325,2136021,35720
64,2136214,4751731
250,2136273,227758
319,2136708,42769
211,2137132,463938
169,2137186,943908
380,2137188,4
120,2139142,2059916
347,2141578,11966
119,2142037,2108839
110,2142229,2370069
198,2142802,542613
40,2145267,8488752
334,2145367,20324
234,2145561,293097
88,2145582,2970831
134,2170748,1533504
183,2171434,748196
289,2172065,93517
188,2172216,654316
221,2172610,386122
60,2172761,4995677
53,2172838,5659954
301,2173804,71063
173,2174202,854219
99,2174472,2473427
322,2174904,37806
196,2174905,549158
306,2174932,64604
293,2175100,81681
79,2175174,3337219
192,2175236,608597
205,2175357,492427
342,2175542,15062
220,2175784,388949
131,2176008,1642211
285,2176707,101512
247,2176735,232839
154,2176830,1218883
227,2176997,340275
126,2177102,1795413
152,2177104,1227750
86,2177105,3065252
117,2177122,2196245
248,2177166,231453
373,2177342,195
281,2177379,108661
13,2177554,19856908
311,2177914,57725
246,2179030,233183
323,2179326,37787
171,2179433,940910
177,2179465,821795
69,2179466,4174112
84,2179488,3129534
37,2179568,9101403
136,2179605,1485965
104,2179606,2446730
339,2179612,18437
91,2179627,2687079
203,2179636,500659
23,2179684,14385320
147,2179769,1271976
15,2179802,18621988
307,2179807,64061
214,2179828,422562
6,2179870,35337221
113,2179875,2273079
65,2179943,4638726
87,2179954,3003823
127,2179957,1774415
180,2179966,755676
294,2179969,81651
142,2179975,1390438
82,2179996,3215009
1,2180005,45748670
213,2180063,424222
36,2180105,9683136
309,2180111,60437
90,2180139,2743004
335,2180151,19414
149,2180201,1243045
331,2180204,27081
139,2180211,1402747
178,2180246,792118
333,2180396,20503
28,2180410,12172962
330,2180803,28469
153,2180829,1219239
308,2180938,62765
229,2181102,326012
327,2181182,33409
365,2181209,1523
78,2181289,3364063
216,2181338,422258
237,2181345,290888
343,2181691,14215
336,2182340,19396
332,2182351,23193
354,2182610,5326
344,2183217,14160
371,2183309,505
360,2184320,3018
267,2184325,150476
