30,1,485947
17,2,3236964
19,3,3089020
29,6,518118
7,8,58246672
36,9,212656
16,12,3317636
1,13,414375259
28,14,545922
14,20,8990733
10,22,26942327
6,27,94537930
2,32,316969638
35,36,265940
13,38,9555758
4,45,153155231
21,53,1914888
8,54,33311514
23,60,983987
9,79,31701836
5,80,96505365
32,91,317234
3,98,205791758
12,105,11441127
33,128,302106
31,134,472124
18,135,3220353
37,158,126752
42,207,66882
20,213,2334637
24,221,942830
45,242,9380
48,246,1559
11,248,14340934
15,253,7124745
49,256,620
47,258,1562
25,259,754754
27,265,600085
39,267,91961
26,271,612676
34,272,271054
40,273,78684
44,274,11904
52,275,6
41,276,74817
38,277,113188
46,279,5911
43,281,22063
22,282,1612130
51,284,21
50,286,178
