34,OmbacK,32,97,995624,60
54,Pipinf,32,114,1138380,44
190,DRUIDA,27,42,403048,130
266,Emperador+Salvia,54,0,0,489
644,tirsu,98,1,10485,213
645,COPE,3,1,1375,268
760,Morpheo22,0,1,1260,269
813,STCG,22,0,0,490
1031,SANT0,27,50,446229,125
1344,MANUELOSKI,0,0,0,491
1659,Lagash,0,1,6865,227
1924,Bejerano,0,0,0,492
2104,ptlomeoXXX,79,14,102898,165
2426,estoy,22,1,2016,257
5206,Black+Rnag,54,161,1551044,18
7269,Non+Stop,27,104,977847,62
7365,qma2,0,0,0,493
9312,stones,284,1,1052,272
10553,wtfmate,0,1,792,281
10764,skaiman,22,1,502,293
13667,Martinlapiedra,0,1,26,365
22529,garbanzete,60,1,716,283
28243,bmwtdsws,0,1,385,296
31459,Vakna,13,93,976627,63
35585,DarkUri,13,169,1519655,19
38188,Piku,45,70,495103,120
47967,el+edu+cagado,13,100,882412,72
49616,Vitrocer%C3%A1mica,13,79,754005,93
51952,fantasmagoria,0,1,62,341
58485,polloking,0,1,95,328
83966,ArHeim,45,10,80480,168
97846,ferfi%C3%B1o,0,1,99,327
116702,baneos,105,1,26,366
123364,brakes,0,1,375,297
137431,jonni,13,54,548764,112
144527,paular,0,3,8939,221
145122,Pou+Cubarsi,32,20,200754,151
149302,ferrari3,22,1,7842,224
153216,arriaza,27,134,1276156,32
156480,tetitet,32,191,1773433,9
184307,estereo,135,2,6322,230
186634,amangua,98,1,1538,264
189413,-Killua+Zoldyck-,32,57,467735,122
193545,MMansillaLF,32,21,171143,157
202091,Victorgm,45,46,409589,129
202835,bymuchi,45,13,103576,164
222751,davidx,54,21,176611,156
235662,Wottan,0,1,26,367
238040,sari%C3%B1ena,60,0,0,494
240304,Wadasa,98,84,739181,94
247494,Sekram,0,1,216,314
262910,ovidio+de+roma,12,1,1490,265
265281,Marques+de+Riscal,12,7,30674,188
294778,Zakex,273,1,3633,242
302869,getafuen,98,1,901,280
311533,mikelker,165,0,0,495
325679,Harrihari,13,132,1294599,31
347247,1el+dragon1,98,76,759935,92
371560,Exter+Exposito,80,1,222,310
460649,angelo4435,60,1,530,292
492721,menwer,13,149,1496236,21
531777,tumarguce,0,0,0,496
537774,Samuel+001,13,95,926704,65
550454,WARBLUE,9,1,2760,252
553065,LokoMigu3,27,76,772252,90
562305,peleador+54,286,1,1378,267
572504,sir+elidan+dj,0,8,54353,177
577826,AlVaro+IX,105,3,12521,210
663520,satania64,36,10,46945,180
665308,sr.burns920,27,5,26689,194
685863,medievolo,158,1,2976,249
689953,ga%C3%B1anes,27,45,385681,133
708726,guabeto,0,0,0,497
719468,sakataka,0,1,5494,234
781658,jjert,98,1,270,306
783798,TheMarine,12,1,265,307
835134,nickcapov,0,1,26,368
837378,zaikoman,32,76,726656,99
848882,castardo,13,161,1586624,15
862456,Dasteo,32,84,788539,87
875478,nznznz,0,5,29489,189
911726,Nabucodonosor17,12,2,4077,238
912799,condeplebeyo,12,10,57049,176
913250,Maleth,0,0,0,498
933357,d3byan,32,180,1698677,11
944051,Toxic,32,159,1617337,14
946962,luichis,0,1,363,300
949693,jeiskill,135,1,216,315
951401,novatius,53,4,15898,206
975475,Aubriel,32,154,1433147,25
978034,Sven+el+Protector,0,11,46520,182
1009265,Reey+Ragnar,27,4,17920,204
1013969,Lwliet,0,1,2412,255
1022419,PAPI+1,45,33,296615,144
1028035,CHEVY+LUCAS,12,1,374,298
1040712,pevicorsa,12,6,31798,187
1041417,Mojito,13,159,1479710,24
1047744,reydelplaneta,0,1,309,302
1050151,jaimerus,13,99,1007336,57
1051979,peve,274,1,309,303
1075536,MoChonk,13,142,1086139,49
1091882,ina21,45,90,856247,78
1097072,milrayita,98,5,13062,209
1107872,Zephyroas,13,37,365343,135
1124356,Rikuasesino,283,1,26,369
1132628,PADRIGOD,45,60,526327,116
1146818,tolteka,0,8,46455,183
1152489,Revolut,13,48,448599,124
1169034,Vanquished,13,247,2462607,3
1178523,Vendaval+Hispanico,32,121,1093756,48
1184145,jose553,6,1,2965,250
1186212,Rey+Robe,22,0,0,499
1193040,Pain,275,1,26,370
1216380,zecarlo,60,2,21842,199
1229744,tony+montanaaa,27,85,849931,79
1280418,garflag,45,45,424135,128
1299883,maderig,32,168,1503575,20
1310137,PASAPA,45,3,28707,190
1321682,darkmatius,54,7,48343,179
1325175,Sir.+Juanjo,134,2,5815,233
1335782,teamosoraida,0,1,26,371
1342035,Beogulf,0,0,0,500
1344475,xina+1,54,1,26,372
1344786,munu95,54,1,30,364
1351573,xpopex,54,1,6407,229
1390210,Thibaut+Courtois,32,8,83160,167
1403742,ANATOMIC,0,1,26,373
1405084,MawaNz,2,1,26,374
1415537,-+L+o+Q+u+i+L+L+o+-,0,1,26,375
1419343,Serhenna,0,1,1451,266
1419758,Verdejo87,0,1,46,356
1420391,xd-1,32,192,1997244,4
1423677,CASTONIKITA,279,1,730,282
1434418,Viking-Tyr,134,1,1007,274
1451906,Maese+Zippo,54,1,6376,231
1472448,VICTORIO2011,0,0,0,501
1476089,lykorz,0,1,140,322
1483240,infernal2,32,119,1037670,53
1491798,pluton1,45,31,177241,155
1498879,aitor1122,0,2,20060,200
1508564,Jajujose,0,1,26,376
1514905,meljta,27,18,181759,154
1516949,Franfor86,32,55,512465,119
1563523,sergioportero,0,1,26,377
1577430,Boss+MORIBUNDO,54,113,1004092,59
1577451,Damn,98,5,15602,207
1578846,sam978,0,1,26,378
1579889,Hamazazpi,14,1,234,309
1589949,saladino,54,0,0,502
1606106,Ciobi,13,97,947640,64
1611699,C1D+CAMP3ADOR.,98,2,18748,203
1614541,ying,0,1,26,379
1617877,Baalcells98,13,120,1185014,40
1619606,OLGUEITOR,105,1,26,380
1624952,Sandman,27,1,145,321
1629938,patosov,0,1,26,381
1629978,Huepjr,38,2,5945,232
1638669,buko,98,0,0,503
1651308,-T+E+M+P+L+A+R-,98,2,19195,202
1652831,matimir,12,1,957,276
1660298,GalindoDev,27,0,0,504
1675808,Kalima,45,6,58477,175
1679961,jhonnas,54,0,0,505
1682534,hockz,8,1,26,382
1682871,emavelez,0,1,70,334
1691091,medyna14,1,1,417,295
1695175,Sh0ck.,54,1,618,285
1696964,joan250,98,27,206965,149
1699710,Julio.Ceesar,0,1,26,383
1701153,pasanlu,213,0,0,506
1706374,urko52,0,1,3285,243
1720363,serra715,0,1,26,384
1721928,focs,272,8,19456,201
1722419,Don+Cami%C3%B3n,98,1,10073,215
1723176,LITANIRIVER,128,2,1180,271
1726840,Cthulhu,0,1,26,385
1731373,gru4.,32,54,565123,110
1734443,nicko917,22,0,0,507
1736828,traspie,27,41,396255,131
1745999,-+S+P+A+R+T+A+N+-,27,14,138790,161
1747712,-+L+O+B+I+T+O+-,27,34,333843,141
1749417,Izaya,135,1,53,346
1749444,pistachos,13,59,566034,109
1749963,JOAOpereira,0,3,3203,245
1762817,jamap,98,1,26,386
1766388,Xaniro,2,0,0,508
1774259,Se%C3%B1or+Bellator,13,141,1342592,29
1783692,sarius,98,4,39093,184
1784555,SAYKO,0,1,985,275
1787062,rusa83,0,1,64,340
1790251,What+Da+Faq%3F,98,1,26,387
1802533,H+u+b+e+r,0,0,0,509
1810477,Helaric,13,122,1238606,36
1819308,NEFERTITI,128,1,289,305
1827900,Marley,13,160,1569462,16
1833730,tony+montanaa,13,265,2654065,2
1843102,Artanis,98,0,0,510
1854568,XDarkito,13,126,1127006,46
1856794,Matalocazo,32,44,395304,132
1880702,%2AnEcRo%2A,27,35,341635,138
1887375,LA+CUEVA+DEL+OSO,0,1,47,354
1888291,granjeo,13,122,1209095,38
1891510,Angel+Food,105,4,23096,198
1894149,templario76,54,0,0,511
1895629,TuLiYa,105,6,24524,196
1897377,Mc04,27,7,60043,174
1897998,Lord+Kym,135,2,955,277
1902277,bocachancla,0,1,26,388
1911131,Homer+J.+Simpson,0,1,26,389
1911553,Overground,13,177,1652183,12
1915106,StormBreaker,13,85,797214,85
1918747,Focus.,0,1,26,390
1922514,Giovas%2A,0,1,26,391
1936831,Shadown+Exile,32,312,3019246,1
1940858,BnkDragon,27,1,26,392
1943414,yannette,0,1,26,393
1945722,porqueno84,0,1,26,394
1946933,Se%C3%B1or+DONOVAN,98,130,1149030,43
1951509,tony+montaanaa,13,105,1065882,51
1951772,Arnasa,22,0,0,512
1958617,Clearco,54,0,0,513
1960055,rubenhg,0,1,26,395
1963398,peix,22,0,0,514
1964159,NULL,27,93,870402,75
1964787,BSR+Magis3,45,57,516930,117
1967326,123456789,0,1,26,396
1967572,xANUBISx,0,1,26,397
1969944,TocToc,27,86,737109,95
1979860,Se%C3%B1or+tutin,98,93,728575,98
1981490,BigJoKeR13,13,107,909918,68
1982595,Harloy,98,14,143828,160
1986226,FRAN+de+los+bloques,22,1,3871,240
1986927,KillerRarts,45,1,84,329
1987940,Shoot,27,53,535699,113
1991349,Himmel,27,1,6831,228
1993684,Mola,45,62,530387,115
1994337,Lucas+the+duck,242,14,88843,166
1994940,Kolomodro91,2,1,26,398
1998385,josuecc,0,1,68,337
1998599,-.Kenny+McCormick.-,32,130,1248793,35
2000812,Ternasco,3,7,27747,192
2002238,KIO.KAPODIPELS,0,1,26,399
2004903,estallos,27,148,1495468,22
2010115,canmu,0,1,26,400
2013143,JackD,13,142,1208773,39
2014236,joker666,272,1,4760,235
2015768,Electro814,13,84,702105,101
2020623,noisyboypran,45,62,464637,123
2021767,Pitufo+Hacker,0,1,26,401
2025956,Jahr,54,93,867548,76
2027527,Edward+Newgate,32,82,697180,102
2028170,LPB96,13,114,1067454,50
2030151,Se%C3%B1orLuisHdez,272,1,218,313
2030750,C1D+CAMP3ADOR,32,160,1560712,17
2034967,Perchita.,0,1,26,402
2036604,Holy,0,1,26,403
2036967,El+Maracas,32,85,806363,84
2041768,Macron,54,15,34674,186
2042518,capdeporc37,13,72,703982,100
2043077,BSR+Riikii22,45,7,69819,172
2044485,Trara,0,0,0,515
2045479,Tinituus,27,94,907284,69
2045489,Mr+Nobody,13,85,857015,77
2045759,Akela,32,132,1324225,30
2048251,Srta+Darky,13,182,1753101,10
2053673,Tanatos,45,0,0,516
2054470,FCB-KATA,0,1,26,404
2055242,Aaron008,0,6,23420,197
2055885,Dornroschen,27,54,490733,121
2056942,rubiel,0,0,0,517
2058795,Balmix,0,0,0,518
2059063,Reina+Walkyria,98,21,199025,153
2060287,Srto+ibann33,13,84,824017,82
2061432,Lele+SF,32,275,1819911,7
2062192,Grafo,27,56,513523,118
2062753,marmar65,134,1,2539,254
2063206,ignacio17,0,1,48,349
2070726,pepenando,0,1,26,405
2071342,tARANTULO,287,1,102,325
2072050,caldel00ko,54,6,53761,178
2072629,Rimas,60,1,260,308
2075801,Aries153,0,1,295,304
2077224,BOTS+Y+SCRIPT+ILEGALES,32,188,1854203,6
2078371,BSR+Midas,45,1,8024,223
2078998,PEZ-DIABLO,0,1,55,345
2079911,Juanchorizo,0,1,2984,248
2081698,kalamidad,27,48,309204,143
2081765,belloto69,0,1,26,406
2083507,warzuk,0,1,26,407
2083788,lauta1216,32,106,1011071,55
2087974,Idunno,54,48,438980,126
2088720,kimchi,54,73,559318,111
2090921,El+Barquero+de+HADES,259,3,7106,226
2090977,fireforce,32,81,783172,88
2091936,Manyas+el+Magno,32,142,1408310,26
2092837,Anonymus,0,1,26,408
2095032,Rakna,0,0,0,519
2095045,Mati30,0,1,46,357
2096081,LEAL22,0,1,26,409
2096365,OJOS+NEGROS,256,1,1715,263
2096974,Raymondh,0,1,78,332
2097219,JesulevK,27,3,28431,191
2097777,Lord+Coton,8,78,677908,103
2098940,paparrot,13,88,826573,81
2100260,Berberecho,13,93,901140,70
2102165,ignasi33,0,1,3037,247
2102750,Manchester+pity,32,109,992095,61
2105233,Muyayin,246,1,2595,253
2106421,Inju,45,50,364575,137
2106805,pikeras,13,117,1184813,41
2109142,Patito+Negro,0,1,131,323
2109384,carmona70,0,1,26,410
2109652,pepera,0,1,1774,261
2110410,jeyvix,13,150,1492742,23
2112320,Travels,45,35,246212,147
2112530,Joaquin2021,0,1,26,411
2112801,Seak+loko,0,1,26,412
2114714,muchacho,0,1,26,413
2115949,BenitoKamelas,45,26,247847,146
2116604,ElPayet,0,1,26,414
2117033,josue07,265,6,27213,193
2118135,Fajardoo,267,1,8263,222
2118197,berrero,105,9,46751,181
2119184,Francesco,135,1,151,319
2121468,kolour,0,1,31,363
2122269,lenttt,13,59,602247,108
2124403,Paintball,32,81,791447,86
2124912,Alexis1517,0,1,26,415
2126048,M+A+T+C+H+A,32,188,336669,140
2126119,peran20,32,36,364835,136
2126414,makanchis,0,0,0,520
2126990,EleCtrA,27,1,108,324
2127652,CfluviAA,135,1,26,416
2129150,cheto,0,1,26,417
2129677,maquina2525,0,1,26,418
2130445,LUcA123,0,1,68,338
2130553,larvitar,0,1,26,419
2131441,loord+trip,22,1,222,311
2131767,MaximoRR,258,2,10696,211
2131930,Peones,0,1,102,326
2132649,LuzMony,0,1,26,420
2133183,davyd1147,0,1,955,278
2133408,GROCC,0,1,49,348
2135237,gottico,248,1,4291,236
2135867,Pallete,27,83,770948,91
2135995,canono,248,1,310,301
2136021,Iv%C3%A1n+Galicia,135,1,26,421
2136214,1899FCB,13,100,810776,83
2136273,P4scu84,20,0,0,521
2136708,Fossi+el+Bret%C3%B3n,20,2,8951,220
2137132,Zintzo,248,37,201296,150
2137186,Ramses2015,221,1,203,316
2137188,Tatochurpa,0,0,0,522
2137311,Kaizer,0,1,51,347
2138682,Ricardo+1619,0,1,1192,270
2139142,segiorem,8,28,269129,145
2140553,Kurosawa,0,1,26,422
2140859,chambacan,0,1,26,423
2140887,ReyNeyenzar,0,0,0,523
2141578,eeeloy,0,2,4218,237
2142037,DonPatch10,32,16,160688,158
2142229,KAWS,38,1,81,330
2142802,javi-jvr,22,1,3972,239
2144786,Juansitomatador,291,1,26,424
2145267,kaidosan15,32,92,912505,67
2145367,kirakias,281,0,0,524
2145561,c0nt4ct,45,1,9832,217
2145582,Caesar,32,111,1111537,47
2170748,Jorrell,32,80,731906,96
2171434,Sunshiner,271,0,0,525
2172065,jhonatan+6,0,1,928,279
2172216,Nuitari,248,1,26,425
2172610,kaotiko22,289,1,1868,260
2172761,1msc,54,3,25070,195
2172838,Lucian,98,35,341565,139
2173804,smokee,54,9,17423,205
2174202,Mauri,45,94,878175,73
2174294,Seditious,0,1,47,355
2174472,GNOMOS39,248,10,71483,170
2174904,Chambon,45,14,133038,162
2174905,Alvarocnk92,20,11,70513,171
2174932,piecitos25,27,32,320608,142
2175100,rick1,91,0,0,526
2175162,papuchi,0,1,26,426
2175174,xinaco,248,1,2112,256
2175236,Egmont,253,32,200141,152
2175357,Soracai1,98,1,10495,212
2175542,Taavo,0,1,26,427
2175784,joosee1901,105,1,1875,259
2176008,Lilari,20,4,34758,185
2176707,Reberlin,12,1,9803,218
2176735,ishbal89,22,1,149,320
2176830,Lysithea,22,0,0,527
2176987,arcanyta,0,1,26,428
2176997,Wikkypedia-tra,22,0,0,528
2177102,tntpy,27,15,120746,163
2177104,System32,27,19,80266,169
2177105,gallego94,27,25,155149,159
2177122,Olivermdc,282,0,0,529
2177166,anto9624,105,0,0,530
2177342,Diox,290,1,1969,258
2177379,galakrisna,12,1,73,333
2177554,Mofitex,13,137,1349664,28
2177914,Dylan,0,0,0,531
2178061,ADHD,0,1,26,429
2178156,albertomc,0,1,41,361
2179030,diegoncre,54,1,69,336
2179188,Se%C3%B1or+Victor,0,1,26,430
2179326,kuty666,135,1,1745,262
2179433,Righoxx,0,0,0,532
2179465,Makelele+2,45,25,230201,148
2179466,LOKI115,32,57,534815,114
2179488,Visigodos,22,0,0,533
2179523,N4n1s3,0,1,26,431
2179568,Murlo13,32,193,1811385,8
2179605,Niespodzianka,8,62,608808,106
2179606,Radziecki,8,68,600508,107
2179609,Dziki,0,1,26,432
2179612,Xaviersp91,0,1,3151,246
2179627,Hotweels,8,157,1269702,33
2179636,tin4t,8,152,1392751,27
2179684,saLt+tK,13,103,1025545,54
2179769,AramBuru,45,51,425803,127
2179802,AndresdRoli,98,113,1039625,52
2179807,AORISTO,207,1,186,318
2179828,Sukuka,98,129,1259064,34
2179870,Dazer,32,119,1132901,45
2179875,Bartosz,8,114,1008083,56
2179943,Slidy,8,103,1005647,58
2179954,typhoon7,8,129,1218140,37
2179957,Zadza,8,83,371215,134
2179966,Lewiski,8,83,778308,89
2179969,Filip,8,90,644509,105
2179975,guadacasca,45,76,669247,104
2179996,Batory,8,100,920125,66
2180005,.LeFou,45,1,9882,216
2180063,Kutuzov,8,90,842560,80
2180105,matak,32,73,729448,97
2180111,ElTiburao,276,1,46,358
2180112,numeros,0,1,26,433
2180139,Banwiner,8,104,891825,71
2180151,Ballantines,276,1,59,342
2180201,Ragnar+Lothbrotk,54,6,60865,173
2180204,Paintcount,0,1,579,286
2180211,DontCry,8,118,1160697,42
2180246,cachopo40,13,178,1626937,13
2180255,juampert,0,1,534,289
2180271,Kari,0,1,26,434
2180396,astronautasubmarino,0,1,534,290
2180410,Killua+Zoldyck,13,191,1857533,5
2180485,infernoX,0,1,26,435
2180803,Sapere+Aude,0,0,0,534
2180829,paulatinamente,54,0,0,535
2180938,-%3D+MACAN+ATAK+%3D-,8,1,193,317
2180980,Lalon+ganiza,0,1,46,359
2181102,W4LK3R101,79,1,9520,219
2181182,Rey+Warzick,0,1,574,287
2181209,Super+Saiyan+6,0,1,3741,241
2181289,.Keroseno.,79,1,10159,214
2181338,Aldair,105,0,0,536
2181345,Wladyslaw,8,94,876139,74
2181676,elquetecoje,0,1,26,436
2181691,Invitado181691,0,1,2949,251
2181694,cornelio+escipion,0,1,46,360
2181910,Emmel,12,3,14033,208
2182053,Pink+Storm,0,1,26,437
2182246,Kobu,0,1,70,335
2182340,BanPolice,277,0,0,537
2182351,V1PER,0,1,561,288
2182610,XDIUX,272,1,3213,244
2183217,oNak,0,1,7763,225
2183227,CR7pt,0,1,79,331
2183246,BobbyFischer,0,1,1020,273
2183309,grumpy,0,1,687,284
2183483,xinamo92,0,1,57,344
2183603,Whale.CapitalInvestments,0,1,26,438
2183642,FasitoRico,0,1,26,439
2183706,BigLloros,0,1,534,291
2183959,janroca,272,1,461,294
2184036,nikitoxxx,0,0,0,538
2184056,polux,0,1,26,440
2184286,reciofal,0,1,220,312
2184287,wacosta11,0,1,59,343
2184320,nanoscotish,0,0,0,539
2184325,InceptionBotero,45,0,0,540
2184396,Zetyuci,0,1,48,350
2184505,HooLeeShet,0,1,48,351
2184536,TheLlopis16,288,0,0,541
2184541,SiTaeL,0,1,48,352
2184564,RobsonKan%C3%BA,0,1,26,441
2184567,.Zombie%3F,0,1,26,442
2184584,Patito,0,1,68,339
2184801,urci,0,1,372,299
2184836,Claudee,292,1,26,443
2184911,Marcelo,0,1,33,362
2184928,Monoera,0,1,48,353
2184943,deepvagu3,0,1,26,444
2184944,brinonbogen,0,1,26,445
2184945,wickbrann7,0,1,26,446
2184946,vindmantle,0,1,26,447
2184947,Spire+White,0,1,26,448
2184948,knokkelmori,0,1,26,449
2184949,quillFugl,0,1,26,450
2184950,Fuego+Wick,0,1,26,451
2184951,mrVineFjell,0,1,26,452
2184952,MuroGarra,0,1,26,453
2184953,onyxrittmort,0,1,26,454
2184954,trotzcuervo9,0,1,26,455
2184955,rojocask,0,1,26,456
2184956,duna-hono7,0,1,26,457
2184957,hammerglass,0,1,26,458
2184958,st4lkpyre,0,1,26,459
2184959,schnellkuorscar59,0,1,26,460
2184960,howlhund4,0,1,26,461
2184962,h1erroskygge,0,1,26,462
2184963,hollowZang,0,1,26,463
2184964,LoupWildWhite,0,1,26,464
2184965,nochxwither,0,1,26,465
2184966,shroud9,0,1,26,466
2184967,xzangetsu5,0,1,26,467
2184968,ashon89,0,1,26,468
2184969,FolhaSchnell,0,1,26,469
2184970,derglass,0,1,26,470
2184971,llamaxhush,0,1,26,471
2184972,penhascous,0,1,26,472
2184973,Ebon+Raid,0,1,26,473
2184974,krieg02,0,1,26,474
2184975,quarryt4ngle,0,1,26,475
2184976,briarkurocuch,0,1,26,476
2184977,yukiwache8,0,1,26,477
2184978,desertoYama,0,1,26,478
2184979,ztjernetide1,0,1,26,479
2184980,smokeTorch,0,1,26,480
2184981,grimtronco,0,1,26,481
2184982,fl3uvekaze,0,1,26,482
2184983,rokcia4,0,1,26,483
2184984,pyreusquarry,0,1,26,484
2184986,derdragao,0,1,26,485
2184987,corvo.root,0,1,26,486
2184989,fiammatetsu,0,1,26,487
2184991,reefEspada,0,1,26,488
